  Signal    G_z      G_y       G_x     |G|     DELTA    delta     TE
1.012728 0.000000 0.000000 0.000000 0.000000 0.000000 0.000000 0.000000
1.007794 0.000000 0.000000 0.000000 0.000000 0.000000 0.000000 0.000000
0.979478 0.000000 0.000000 0.000000 0.000000 0.000000 0.000000 0.000000
0.806956 0.074897 -0.550929 0.831185 0.055000 0.050000 0.006000 0.071000
0.799598 -0.082638 -0.820027 0.566328 0.055000 0.050000 0.006000 0.071000
0.798827 0.062362 -0.991630 -0.113056 0.055000 0.050000 0.006000 0.071000
0.788966 -0.090863 -0.875690 -0.474248 0.055000 0.050000 0.006000 0.071000
0.787773 0.171335 -0.945554 0.276717 0.055000 0.050000 0.006000 0.071000
0.782980 -0.164520 -0.299574 0.939781 0.055000 0.050000 0.006000 0.071000
0.782881 -0.192667 -0.960624 0.200203 0.055000 0.050000 0.006000 0.071000
0.781707 0.153219 -0.710182 -0.687143 0.055000 0.050000 0.006000 0.071000
0.777756 -0.196467 -0.585299 -0.786655 0.055000 0.050000 0.006000 0.071000
0.777371 0.311289 -0.722215 0.617661 0.055000 0.050000 0.006000 0.071000
0.777257 -0.188240 0.149941 -0.970610 0.055000 0.050000 0.006000 0.071000
0.769226 0.197368 -0.060591 -0.978455 0.055000 0.050000 0.006000 0.071000
0.766918 -0.172405 -0.237265 -0.956024 0.055000 0.050000 0.006000 0.071000
0.756592 -0.329682 -0.921238 -0.206473 0.055000 0.050000 0.006000 0.071000
0.755603 0.330845 -0.860779 -0.386784 0.055000 0.050000 0.006000 0.071000
0.753771 0.193441 -0.411435 -0.890675 0.055000 0.050000 0.006000 0.071000
0.748616 0.449377 -0.384826 0.806207 0.055000 0.050000 0.006000 0.071000
0.740403 -0.346859 -0.570080 0.744780 0.055000 0.050000 0.006000 0.071000
0.736509 0.449740 -0.892456 -0.035444 0.055000 0.050000 0.006000 0.071000
0.722164 -0.468244 -0.760945 0.449121 0.055000 0.050000 0.006000 0.071000
0.711744 0.518618 0.025082 0.854638 0.055000 0.050000 0.006000 0.071000
0.701868 -0.461624 -0.709546 -0.532398 0.055000 0.050000 0.006000 0.071000
0.700804 0.514345 0.193896 -0.835376 0.055000 0.050000 0.006000 0.071000
0.692969 0.515835 -0.792547 0.325244 0.055000 0.050000 0.006000 0.071000
0.692390 -0.522471 -0.369372 -0.768498 0.055000 0.050000 0.006000 0.071000
0.688129 -0.534119 -0.841272 0.083533 0.055000 0.050000 0.006000 0.071000
0.680616 0.505738 -0.575187 -0.642953 0.055000 0.050000 0.006000 0.071000
0.680456 0.541144 -0.209801 -0.814338 0.055000 0.050000 0.006000 0.071000
0.657646 0.683629 -0.508892 0.523144 0.055000 0.050000 0.006000 0.071000
0.621622 -0.692047 -0.444997 0.568373 0.055000 0.050000 0.006000 0.071000
0.617341 -0.679517 0.674668 0.288235 0.055000 0.050000 0.006000 0.071000
0.615081 -0.696944 -0.680750 -0.225499 0.055000 0.050000 0.006000 0.071000
0.611117 -0.756828 -0.414068 -0.505726 0.055000 0.050000 0.006000 0.071000
0.609603 0.750594 -0.143004 0.645104 0.055000 0.050000 0.006000 0.071000
0.603479 0.763862 -0.635899 0.110216 0.055000 0.050000 0.006000 0.071000
0.591986 0.783186 0.053571 -0.619476 0.055000 0.050000 0.006000 0.071000
0.587446 -0.777656 -0.596643 0.198163 0.055000 0.050000 0.006000 0.071000
0.573240 0.778608 -0.355430 -0.517145 0.055000 0.050000 0.006000 0.071000
0.543294 0.909772 -0.297019 0.289990 0.055000 0.050000 0.006000 0.071000
0.529799 0.913886 -0.390917 -0.109529 0.055000 0.050000 0.006000 0.071000
0.529760 -0.897816 -0.097403 -0.429464 0.055000 0.050000 0.006000 0.071000
0.524494 -0.917342 -0.379341 -0.120767 0.055000 0.050000 0.006000 0.071000
0.514008 -0.921327 -0.273949 0.275877 0.055000 0.050000 0.006000 0.071000
0.502592 -0.947618 0.087465 0.307198 0.055000 0.050000 0.006000 0.071000
0.484284 -0.998026 -0.004503 -0.062640 0.055000 0.050000 0.006000 0.071000
1.005681 0.000000 0.000000 0.000000 0.000000 0.000000 0.000000 0.000000
1.001854 0.000000 0.000000 0.000000 0.000000 0.000000 0.000000 0.000000
0.992465 0.000000 0.000000 0.000000 0.000000 0.000000 0.000000 0.000000
0.813225 0.064763 -0.699803 0.711394 0.060000 0.050000 0.006000 0.071000
0.782434 -0.003809 0.621678 0.783264 0.060000 0.050000 0.006000 0.071000
0.778440 0.208638 -0.387250 0.898058 0.060000 0.050000 0.006000 0.071000
0.773388 -0.040824 -0.039713 0.998377 0.060000 0.050000 0.006000 0.071000
0.769012 -0.015381 0.977350 -0.211070 0.060000 0.050000 0.006000 0.071000
0.766015 0.172785 0.328024 0.928733 0.060000 0.050000 0.006000 0.071000
0.763225 -0.174072 0.836328 0.519859 0.060000 0.050000 0.006000 0.071000
0.762637 0.462766 -0.575888 0.673944 0.060000 0.050000 0.006000 0.071000
0.761576 -0.178353 -0.411942 0.893585 0.060000 0.050000 0.006000 0.071000
0.759400 -0.280450 -0.722362 0.632092 0.060000 0.050000 0.006000 0.071000
0.755406 0.318904 -0.022321 0.947524 0.060000 0.050000 0.006000 0.071000
0.752246 -0.310971 -0.893895 0.322875 0.060000 0.050000 0.006000 0.071000
0.752235 -0.103181 0.979958 0.170397 0.060000 0.050000 0.006000 0.071000
0.752139 -0.247597 0.857394 -0.451188 0.060000 0.050000 0.006000 0.071000
0.747132 -0.232011 0.313567 0.920786 0.060000 0.050000 0.006000 0.071000
0.746646 0.186510 0.858520 0.477658 0.060000 0.050000 0.006000 0.071000
0.730295 0.275365 0.957183 0.089304 0.060000 0.050000 0.006000 0.071000
0.726146 -0.392608 -0.589043 -0.706320 0.060000 0.050000 0.006000 0.071000
0.710010 -0.392610 -0.062702 0.917565 0.060000 0.050000 0.006000 0.071000
0.704680 -0.413907 0.594879 0.689057 0.060000 0.050000 0.006000 0.071000
0.703902 -0.402809 0.912866 -0.066485 0.060000 0.050000 0.006000 0.071000
0.695718 0.560475 0.228884 0.795914 0.060000 0.050000 0.006000 0.071000
0.687936 -0.480141 0.814956 0.324517 0.060000 0.050000 0.006000 0.071000
0.686510 0.599084 -0.723791 0.342381 0.060000 0.050000 0.006000 0.071000
0.686209 -0.528575 -0.435426 0.728706 0.060000 0.050000 0.006000 0.071000
0.681992 0.589401 -0.200874 0.782468 0.060000 0.050000 0.006000 0.071000
0.662182 0.519073 0.773477 0.363726 0.060000 0.050000 0.006000 0.071000
0.654387 -0.598362 0.277633 0.751587 0.060000 0.050000 0.006000 0.071000
0.650084 -0.593751 -0.801739 0.068365 0.060000 0.050000 0.006000 0.071000
0.626888 -0.634543 -0.647594 0.421873 0.060000 0.050000 0.006000 0.071000
0.612206 0.775716 -0.361465 0.517308 0.060000 0.050000 0.006000 0.071000
0.606373 -0.693562 -0.088483 0.714942 0.060000 0.050000 0.006000 0.071000
0.601387 0.725202 0.435255 0.533511 0.060000 0.050000 0.006000 0.071000
0.588389 -0.783073 -0.591567 -0.191950 0.060000 0.050000 0.006000 0.071000
0.583885 -0.730064 0.515679 0.448421 0.060000 0.050000 0.006000 0.071000
0.582106 -0.716778 0.692717 0.079828 0.060000 0.050000 0.006000 0.071000
0.557353 0.829318 0.042165 0.557184 0.060000 0.050000 0.006000 0.071000
0.536299 -0.855133 0.484515 -0.184374 0.060000 0.050000 0.006000 0.071000
0.530930 -0.872149 -0.469149 0.138765 0.060000 0.050000 0.006000 0.071000
0.530378 -0.841048 -0.294351 0.453869 0.060000 0.050000 0.006000 0.071000
0.529632 -0.874225 0.135131 0.466338 0.060000 0.050000 0.006000 0.071000
0.489517 -0.932638 0.326920 0.152676 0.060000 0.050000 0.006000 0.071000
0.484252 0.942401 0.248044 0.224399 0.060000 0.050000 0.006000 0.071000
0.484239 0.968894 -0.123146 0.214660 0.060000 0.050000 0.006000 0.071000
0.466617 -0.987203 -0.076540 0.139897 0.060000 0.050000 0.006000 0.071000
1.036214 0.000000 0.000000 0.000000 0.000000 0.000000 0.000000 0.000000
1.016618 0.000000 0.000000 0.000000 0.000000 0.000000 0.000000 0.000000
0.947168 0.000000 0.000000 0.000000 0.000000 0.000000 0.000000 0.000000
0.612370 -0.000575 0.610576 0.791958 0.055000 0.090000 0.010000 0.115000
0.573330 0.114868 0.969538 -0.216338 0.055000 0.090000 0.010000 0.115000
0.570407 0.156960 -0.983577 -0.089100 0.055000 0.090000 0.010000 0.115000
0.562001 0.051088 0.298552 0.953025 0.055000 0.090000 0.010000 0.115000
0.559139 0.082959 -0.874545 -0.477796 0.055000 0.090000 0.010000 0.115000
0.548228 0.013944 -0.819747 0.572556 0.055000 0.090000 0.010000 0.115000
0.542018 0.081260 -0.117264 0.989771 0.055000 0.090000 0.010000 0.115000
0.531931 -0.191053 -0.963876 -0.185587 0.055000 0.090000 0.010000 0.115000
0.522351 0.089652 -0.505854 0.857948 0.055000 0.090000 0.010000 0.115000
0.463717 0.279269 0.772037 0.570936 0.055000 0.090000 0.010000 0.115000
0.457843 -0.271526 -0.264826 0.925279 0.055000 0.090000 0.010000 0.115000
0.456690 -0.243825 -0.608460 0.755199 0.055000 0.090000 0.010000 0.115000
0.455816 0.272092 -0.907786 0.319202 0.055000 0.090000 0.010000 0.115000
0.441050 -0.258495 0.125045 0.957885 0.055000 0.090000 0.010000 0.115000
0.430648 0.342088 -0.629910 -0.697273 0.055000 0.090000 0.010000 0.115000
0.422090 0.389597 0.105703 0.914899 0.055000 0.090000 0.010000 0.115000
0.413431 -0.391757 -0.796780 0.460075 0.055000 0.090000 0.010000 0.115000
0.390535 0.386721 -0.672334 0.631201 0.055000 0.090000 0.010000 0.115000
0.378187 0.450042 -0.813325 -0.368734 0.055000 0.090000 0.010000 0.115000
0.365485 0.394409 0.472233 0.788313 0.055000 0.090000 0.010000 0.115000
0.362523 0.405129 -0.329043 0.852995 0.055000 0.090000 0.010000 0.115000
0.346862 0.501492 -0.329835 -0.799822 0.055000 0.090000 0.010000 0.115000
0.341727 0.488993 -0.872240 0.009143 0.055000 0.090000 0.010000 0.115000
0.327240 0.512620 0.815536 0.268555 0.055000 0.090000 0.010000 0.115000
0.308904 -0.490788 -0.864598 0.107693 0.055000 0.090000 0.010000 0.115000
0.273503 -0.589645 -0.079283 0.803762 0.055000 0.090000 0.010000 0.115000
0.265448 -0.569852 -0.468517 0.675100 0.055000 0.090000 0.010000 0.115000
0.234564 0.712956 0.250437 0.654961 0.055000 0.090000 0.010000 0.115000
0.226515 0.639863 -0.701668 0.313428 0.055000 0.090000 0.010000 0.115000
0.219856 0.660310 0.568401 0.490827 0.055000 0.090000 0.010000 0.115000
0.216156 0.664142 -0.099587 0.740944 0.055000 0.090000 0.010000 0.115000
0.196388 -0.723916 -0.609458 0.323275 0.055000 0.090000 0.010000 0.115000
0.183808 0.705500 -0.432163 0.561698 0.055000 0.090000 0.010000 0.115000
0.170144 0.691138 -0.533689 -0.487344 0.055000 0.090000 0.010000 0.115000
0.161332 0.754805 -0.648514 -0.098486 0.055000 0.090000 0.010000 0.115000
0.158809 -0.790452 0.172509 0.587730 0.055000 0.090000 0.010000 0.115000
0.154877 -0.779457 -0.621317 -0.080079 0.055000 0.090000 0.010000 0.115000
0.148134 0.891931 -0.405274 0.200532 0.055000 0.090000 0.010000 0.115000
0.141687 -0.817475 -0.259829 0.514027 0.055000 0.090000 0.010000 0.115000
0.126342 0.894864 -0.075688 0.439875 0.055000 0.090000 0.010000 0.115000
0.122104 -0.934569 -0.339315 0.106989 0.055000 0.090000 0.010000 0.115000
0.114689 0.917243 -0.342727 -0.202987 0.055000 0.090000 0.010000 0.115000
0.110633 0.905118 0.303539 0.297701 0.055000 0.090000 0.010000 0.115000
0.107982 0.956502 0.007838 -0.291619 0.055000 0.090000 0.010000 0.115000
0.095069 0.995943 -0.031355 0.084353 0.055000 0.090000 0.010000 0.115000
1.062032 0.000000 0.000000 0.000000 0.000000 0.000000 0.000000 0.000000
1.006906 0.000000 0.000000 0.000000 0.000000 0.000000 0.000000 0.000000
0.931061 0.000000 0.000000 0.000000 0.000000 0.000000 0.000000 0.000000
0.500677 -0.004123 -0.869363 -0.494156 0.060000 0.090000 0.010000 0.115000
0.499995 0.076391 -0.988053 -0.133848 0.060000 0.090000 0.010000 0.115000
0.487099 -0.054439 0.951286 -0.303467 0.060000 0.090000 0.010000 0.115000
0.475772 -0.017705 -0.616066 -0.787496 0.060000 0.090000 0.010000 0.115000
0.456593 0.016249 0.755074 -0.655438 0.060000 0.090000 0.010000 0.115000
0.431852 0.048972 0.431549 -0.900759 0.060000 0.090000 0.010000 0.115000
0.423101 -0.128138 -0.229501 -0.964837 0.060000 0.090000 0.010000 0.115000
0.406709 -0.248103 0.161516 -0.955174 0.060000 0.090000 0.010000 0.115000
0.404205 0.133626 0.018722 -0.990855 0.060000 0.090000 0.010000 0.115000
0.398696 0.237499 0.967473 -0.087126 0.060000 0.090000 0.010000 0.115000
0.393941 0.341719 0.836508 -0.428349 0.060000 0.090000 0.010000 0.115000
0.388343 -0.292923 0.532862 -0.793885 0.060000 0.090000 0.010000 0.115000
0.375438 0.254260 -0.362129 -0.896780 0.060000 0.090000 0.010000 0.115000
0.366226 -0.366726 -0.456596 -0.810575 0.060000 0.090000 0.010000 0.115000
0.360222 -0.343953 0.812767 -0.470219 0.060000 0.090000 0.010000 0.115000
0.346788 -0.384196 0.859005 0.338383 0.060000 0.090000 0.010000 0.115000
0.343854 -0.337229 -0.905623 -0.257144 0.060000 0.090000 0.010000 0.115000
0.340101 0.340134 -0.684815 -0.644466 0.060000 0.090000 0.010000 0.115000
0.331691 -0.394316 0.915815 -0.076146 0.060000 0.090000 0.010000 0.115000
0.316346 -0.382129 -0.728117 -0.569054 0.060000 0.090000 0.010000 0.115000
0.314741 0.386651 0.257810 -0.885458 0.060000 0.090000 0.010000 0.115000
0.307025 0.386477 0.593029 -0.706365 0.060000 0.090000 0.010000 0.115000
0.270920 -0.524838 -0.112580 -0.843724 0.060000 0.090000 0.010000 0.115000
0.251639 -0.598077 0.243493 -0.763554 0.060000 0.090000 0.010000 0.115000
0.227697 -0.595745 0.568805 -0.567052 0.060000 0.090000 0.010000 0.115000
0.212007 0.530856 -0.095882 -0.842020 0.060000 0.090000 0.010000 0.115000
0.202964 0.597008 -0.441229 -0.669999 0.060000 0.090000 0.010000 0.115000
0.191319 -0.582658 -0.808419 0.083481 0.060000 0.090000 0.010000 0.115000
0.188691 -0.681084 -0.419309 -0.600254 0.060000 0.090000 0.010000 0.115000
0.172350 -0.675836 -0.678176 -0.288657 0.060000 0.090000 0.010000 0.115000
0.167980 -0.668302 0.723074 0.174746 0.060000 0.090000 0.010000 0.115000
0.160956 -0.683105 0.697769 -0.215604 0.060000 0.090000 0.010000 0.115000
0.146786 -0.840008 0.342372 -0.420913 0.060000 0.090000 0.010000 0.115000
0.144173 0.682269 0.281221 -0.674852 0.060000 0.090000 0.010000 0.115000
0.140545 0.675838 0.603578 -0.423009 0.060000 0.090000 0.010000 0.115000
0.131810 0.799827 -0.464874 -0.379696 0.060000 0.090000 0.010000 0.115000
0.124287 0.819132 0.037094 0.572405 0.060000 0.090000 0.010000 0.115000
0.112574 -0.839538 -0.540209 0.057880 0.060000 0.090000 0.010000 0.115000
0.112074 0.888948 0.257125 -0.379022 0.060000 0.090000 0.010000 0.115000
0.106952 0.812386 -0.095091 -0.575315 0.060000 0.090000 0.010000 0.115000
0.105253 -0.891881 -0.333280 -0.305733 0.060000 0.090000 0.010000 0.115000
0.093834 0.981491 0.188461 -0.034038 0.060000 0.090000 0.010000 0.115000
0.092013 -0.974037 0.079257 -0.212063 0.060000 0.090000 0.010000 0.115000
0.085919 0.963980 -0.146377 -0.222071 0.060000 0.090000 0.010000 0.115000
0.083329 -0.898946 0.437289 -0.025987 0.060000 0.090000 0.010000 0.115000
1.008252 0.000000 0.000000 0.000000 0.000000 0.000000 0.000000 0.000000
0.996413 0.000000 0.000000 0.000000 0.000000 0.000000 0.000000 0.000000
0.995334 0.000000 0.000000 0.000000 0.000000 0.000000 0.000000 0.000000
0.660075 0.121203 -0.987913 0.096628 0.055000 0.030000 0.015000 0.060000
0.641509 0.127487 -0.687552 0.714856 0.055000 0.030000 0.015000 0.060000
0.634122 -0.101453 -0.954417 -0.280706 0.055000 0.030000 0.015000 0.060000
0.620413 0.342438 -0.845417 0.409885 0.055000 0.030000 0.015000 0.060000
0.618091 -0.060730 -0.914313 0.400429 0.055000 0.030000 0.015000 0.060000
0.616870 -0.092870 0.573480 0.813938 0.055000 0.030000 0.015000 0.060000
0.611332 0.041440 0.269651 0.962066 0.055000 0.030000 0.015000 0.060000
0.597875 -0.072838 -0.091489 0.993139 0.055000 0.030000 0.015000 0.060000
0.597471 -0.204059 0.804059 0.558434 0.055000 0.030000 0.015000 0.060000
0.576031 -0.278569 0.933276 0.226705 0.055000 0.030000 0.015000 0.060000
0.575867 -0.164712 -0.435624 0.884930 0.055000 0.030000 0.015000 0.060000
0.553633 0.330917 0.050320 0.942317 0.055000 0.030000 0.015000 0.060000
0.544014 -0.231706 0.345228 -0.909467 0.055000 0.030000 0.015000 0.060000
0.542409 -0.245048 -0.721448 0.647661 0.055000 0.030000 0.015000 0.060000
0.541215 0.202082 0.769195 0.606219 0.055000 0.030000 0.015000 0.060000
0.537132 -0.286371 -0.956228 0.060167 0.055000 0.030000 0.015000 0.060000
0.530496 0.476612 -0.565214 0.673331 0.055000 0.030000 0.015000 0.060000
0.523232 0.334462 0.471208 0.816149 0.055000 0.030000 0.015000 0.060000
0.519277 -0.333536 0.230340 0.914165 0.055000 0.030000 0.015000 0.060000
0.513824 0.526300 -0.848892 0.048894 0.055000 0.030000 0.015000 0.060000
0.455754 0.581567 -0.165786 0.796426 0.055000 0.030000 0.015000 0.060000
0.445728 -0.481972 0.535799 0.693270 0.055000 0.030000 0.015000 0.060000
0.424018 -0.457477 -0.155746 0.875476 0.055000 0.030000 0.015000 0.060000
0.414084 -0.482716 -0.800177 0.355952 0.055000 0.030000 0.015000 0.060000
0.410874 -0.577271 0.735791 0.354076 0.055000 0.030000 0.015000 0.060000
0.407214 0.472747 0.831045 0.293043 0.055000 0.030000 0.015000 0.060000
0.398340 0.688702 -0.651015 0.319170 0.055000 0.030000 0.015000 0.060000
0.383240 -0.535725 -0.504781 0.676901 0.055000 0.030000 0.015000 0.060000
0.363120 0.581859 0.604773 0.543774 0.055000 0.030000 0.015000 0.060000
0.360868 0.633195 0.236992 0.736817 0.055000 0.030000 0.015000 0.060000
0.326742 -0.651281 -0.758819 0.005084 0.055000 0.030000 0.015000 0.060000
0.324532 -0.654926 0.169541 0.736429 0.055000 0.030000 0.015000 0.060000
0.311970 -0.762832 0.352320 -0.542179 0.055000 0.030000 0.015000 0.060000
0.279663 -0.759354 -0.228714 0.609156 0.055000 0.030000 0.015000 0.060000
0.269985 -0.784546 0.438342 0.438571 0.055000 0.030000 0.015000 0.060000
0.262633 -0.769577 -0.539617 0.341417 0.055000 0.030000 0.015000 0.060000
0.252709 -0.812317 0.580114 0.060072 0.055000 0.030000 0.015000 0.060000
0.241196 -0.827827 -0.392704 -0.400608 0.055000 0.030000 0.015000 0.060000
0.236841 -0.859734 -0.018328 -0.510414 0.055000 0.030000 0.015000 0.060000
0.226086 -0.870732 -0.487910 -0.061395 0.055000 0.030000 0.015000 0.060000
0.222053 -0.888668 0.073095 0.452687 0.055000 0.030000 0.015000 0.060000
0.213585 -0.926338 0.305263 -0.220707 0.055000 0.030000 0.015000 0.060000
0.194503 -0.951360 -0.221643 0.213984 0.055000 0.030000 0.015000 0.060000
0.188436 -0.983926 -0.095104 -0.151145 0.055000 0.030000 0.015000 0.060000
0.181209 -0.970061 0.208244 0.124964 0.055000 0.030000 0.015000 0.060000
1.004615 0.000000 0.000000 0.000000 0.000000 0.000000 0.000000 0.000000
1.004575 0.000000 0.000000 0.000000 0.000000 0.000000 0.000000 0.000000
0.990810 0.000000 0.000000 0.000000 0.000000 0.000000 0.000000 0.000000
0.622179 0.041594 -0.984986 -0.167550 0.060000 0.030000 0.015000 0.060000
0.619593 0.010855 -0.967511 0.252597 0.060000 0.030000 0.015000 0.060000
0.612307 0.005811 -0.839172 -0.543835 0.060000 0.030000 0.015000 0.060000
0.603130 0.000684 -0.554581 -0.832130 0.060000 0.030000 0.015000 0.060000
0.586132 0.296467 -0.839991 0.454447 0.060000 0.030000 0.015000 0.060000
0.583425 -0.078339 -0.791333 0.606345 0.060000 0.030000 0.015000 0.060000
0.550564 0.354269 -0.872851 -0.335596 0.060000 0.030000 0.015000 0.060000
0.548705 0.370422 -0.926541 0.065639 0.060000 0.030000 0.015000 0.060000
0.543060 -0.065256 -0.166753 -0.983837 0.060000 0.030000 0.015000 0.060000
0.528815 -0.174706 0.222533 -0.959144 0.060000 0.030000 0.015000 0.060000
0.516403 0.332513 -0.643961 -0.689021 0.060000 0.030000 0.015000 0.060000
0.510672 -0.310865 0.299938 0.901887 0.060000 0.030000 0.015000 0.060000
0.509528 -0.224974 0.582825 -0.780834 0.060000 0.030000 0.015000 0.060000
0.487522 0.123580 0.483937 -0.866333 0.060000 0.030000 0.015000 0.060000
0.485869 -0.342250 -0.392192 -0.853844 0.060000 0.030000 0.015000 0.060000
0.481144 0.208519 0.085309 -0.974291 0.060000 0.030000 0.015000 0.060000
0.479589 -0.288538 -0.957286 0.018706 0.060000 0.030000 0.015000 0.060000
0.462432 -0.360838 -0.682537 -0.635562 0.060000 0.030000 0.015000 0.060000
0.457791 0.551950 -0.591957 0.587314 0.060000 0.030000 0.015000 0.060000
0.457102 -0.342176 -0.878881 -0.332391 0.060000 0.030000 0.015000 0.060000
0.434419 -0.392145 -0.850474 0.350594 0.060000 0.030000 0.015000 0.060000
0.409477 -0.468031 -0.052089 -0.882176 0.060000 0.030000 0.015000 0.060000
0.390505 -0.540891 0.289858 -0.789569 0.060000 0.030000 0.015000 0.060000
0.389537 -0.453472 -0.629875 0.630572 0.060000 0.030000 0.015000 0.060000
0.380761 -0.465043 -0.322385 0.824502 0.060000 0.030000 0.015000 0.060000
0.359972 0.657109 -0.707903 0.258999 0.060000 0.030000 0.015000 0.060000
0.341787 0.627840 -0.635100 -0.449961 0.060000 0.030000 0.015000 0.060000
0.333613 0.683478 -0.722893 -0.101407 0.060000 0.030000 0.015000 0.060000
0.292354 -0.666487 -0.367133 -0.648852 0.060000 0.030000 0.015000 0.060000
0.280684 -0.627378 -0.778598 -0.013517 0.060000 0.030000 0.015000 0.060000
0.280102 0.648112 -0.350811 -0.675931 0.060000 0.030000 0.015000 0.060000
0.275940 0.591547 -0.018130 -0.806066 0.060000 0.030000 0.015000 0.060000
0.259123 -0.672871 -0.639129 -0.372502 0.060000 0.030000 0.015000 0.060000
0.247358 -0.723704 -0.610231 0.322289 0.060000 0.030000 0.015000 0.060000
0.244146 -0.755897 -0.316304 0.573212 0.060000 0.030000 0.015000 0.060000
0.230056 -0.781916 0.002217 -0.623379 0.060000 0.030000 0.015000 0.060000
0.218739 -0.819177 0.349461 -0.454781 0.060000 0.030000 0.015000 0.060000
0.205003 0.900143 -0.427489 0.083637 0.060000 0.030000 0.015000 0.060000
0.184341 -0.876929 -0.478578 -0.044254 0.060000 0.030000 0.015000 0.060000
0.180388 -0.895243 -0.285902 -0.341761 0.060000 0.030000 0.015000 0.060000
0.175649 0.874435 -0.380875 -0.300495 0.060000 0.030000 0.015000 0.060000
0.166828 -0.937111 -0.262100 0.230493 0.060000 0.030000 0.015000 0.060000
0.158397 0.966743 -0.049657 0.250884 0.060000 0.030000 0.015000 0.060000
0.152095 0.864166 -0.048975 -0.500818 0.060000 0.030000 0.015000 0.060000
0.128857 0.992619 -0.064367 -0.102788 0.060000 0.030000 0.015000 0.060000
1.021381 0.000000 0.000000 0.000000 0.000000 0.000000 0.000000 0.000000
1.006502 0.000000 0.000000 0.000000 0.000000 0.000000 0.000000 0.000000
0.972117 0.000000 0.000000 0.000000 0.000000 0.000000 0.000000 0.000000
0.374973 -0.028615 0.593056 0.804653 0.055000 0.070000 0.022000 0.107000
0.360535 -0.166359 0.811070 0.560795 0.055000 0.070000 0.022000 0.107000
0.343654 0.055899 0.959831 0.274955 0.055000 0.070000 0.022000 0.107000
0.336785 0.084717 -0.986451 0.140492 0.055000 0.070000 0.022000 0.107000
0.326160 0.116742 0.234833 0.965000 0.055000 0.070000 0.022000 0.107000
0.314141 -0.059581 -0.372920 0.925949 0.055000 0.070000 0.022000 0.107000
0.306314 -0.161869 0.841610 -0.515257 0.055000 0.070000 0.022000 0.107000
0.295227 -0.150786 -0.678404 0.719049 0.055000 0.070000 0.022000 0.107000
0.285673 0.232566 -0.158873 0.959517 0.055000 0.070000 0.022000 0.107000
0.279862 0.245848 -0.556414 0.793702 0.055000 0.070000 0.022000 0.107000
0.265815 -0.181155 -0.012780 0.983371 0.055000 0.070000 0.022000 0.107000
0.252882 -0.277364 0.355627 0.892524 0.055000 0.070000 0.022000 0.107000
0.251328 0.321098 -0.927819 -0.189863 0.055000 0.070000 0.022000 0.107000
0.248290 0.251517 0.787800 0.562238 0.055000 0.070000 0.022000 0.107000
0.247452 0.265982 0.962833 -0.046969 0.055000 0.070000 0.022000 0.107000
0.247194 -0.229048 -0.880020 0.416055 0.055000 0.070000 0.022000 0.107000
0.216443 0.424952 -0.881807 0.204530 0.055000 0.070000 0.022000 0.107000
0.188544 0.516782 -0.650630 0.556432 0.055000 0.070000 0.022000 0.107000
0.185096 0.350056 0.494257 0.795720 0.055000 0.070000 0.022000 0.107000
0.165930 -0.412199 -0.357178 0.838162 0.055000 0.070000 0.022000 0.107000
0.145837 0.486051 0.083076 0.869973 0.055000 0.070000 0.022000 0.107000
0.141809 0.478168 0.848811 0.225554 0.055000 0.070000 0.022000 0.107000
0.136757 0.562945 -0.305581 0.767928 0.055000 0.070000 0.022000 0.107000
0.134362 -0.522869 -0.639537 0.563560 0.055000 0.070000 0.022000 0.107000
0.120553 0.669968 0.323428 0.668234 0.055000 0.070000 0.022000 0.107000
0.115188 0.713245 -0.661659 0.231275 0.055000 0.070000 0.022000 0.107000
0.111336 0.657112 -0.740535 -0.140755 0.055000 0.070000 0.022000 0.107000
0.108546 0.618535 0.626647 0.474055 0.055000 0.070000 0.022000 0.107000
0.107824 0.568845 -0.426901 -0.702973 0.055000 0.070000 0.022000 0.107000
0.096111 -0.803619 0.139430 0.578581 0.055000 0.070000 0.022000 0.107000
0.094769 0.500240 -0.708380 -0.497953 0.055000 0.070000 0.022000 0.107000
0.093670 -0.709228 -0.284548 0.645003 0.055000 0.070000 0.022000 0.107000
0.088647 0.809768 -0.461388 -0.362486 0.055000 0.070000 0.022000 0.107000
0.087364 0.905319 -0.423301 0.034840 0.055000 0.070000 0.022000 0.107000
0.085307 0.786056 0.609819 0.101182 0.055000 0.070000 0.022000 0.107000
0.084209 -0.575313 -0.795349 0.190877 0.055000 0.070000 0.022000 0.107000
0.083813 -0.539168 0.033099 0.841547 0.055000 0.070000 0.022000 0.107000
0.079615 -0.801902 -0.519190 0.295626 0.055000 0.070000 0.022000 0.107000
0.076348 0.883010 0.308346 0.353859 0.055000 0.070000 0.022000 0.107000
0.075686 0.812285 -0.368575 0.452045 0.055000 0.070000 0.022000 0.107000
0.070696 0.970829 -0.069466 0.229491 0.055000 0.070000 0.022000 0.107000
0.069495 0.914455 0.163882 -0.370021 0.055000 0.070000 0.022000 0.107000
0.061642 0.975230 -0.136464 -0.174083 0.055000 0.070000 0.022000 0.107000
0.059963 0.965537 0.260200 -0.005933 0.055000 0.070000 0.022000 0.107000
0.049371 0.801511 -0.026039 0.597413 0.055000 0.070000 0.022000 0.107000
1.028572 0.000000 0.000000 0.000000 0.000000 0.000000 0.000000 0.000000
1.008350 0.000000 0.000000 0.000000 0.000000 0.000000 0.000000 0.000000
0.963077 0.000000 0.000000 0.000000 0.000000 0.000000 0.000000 0.000000
0.352065 -0.095049 0.899270 0.426941 0.060000 0.070000 0.022000 0.107000
0.340779 -0.104013 0.686723 0.719439 0.060000 0.070000 0.022000 0.107000
0.310881 -0.088381 0.383293 0.919388 0.060000 0.070000 0.022000 0.107000
0.299411 0.014499 -0.837144 0.546790 0.060000 0.070000 0.022000 0.107000
0.289605 0.062579 -0.995022 -0.077555 0.060000 0.070000 0.022000 0.107000
0.281936 -0.060790 -0.260390 0.963588 0.060000 0.070000 0.022000 0.107000
0.269744 0.130434 0.100574 0.986343 0.060000 0.070000 0.022000 0.107000
0.263804 0.160551 -0.563241 0.810545 0.060000 0.070000 0.022000 0.107000
0.257558 -0.166887 -0.964846 0.203029 0.060000 0.070000 0.022000 0.107000
0.231651 0.261345 -0.934745 0.240730 0.060000 0.070000 0.022000 0.107000
0.227828 0.339576 -0.187345 0.921732 0.060000 0.070000 0.022000 0.107000
0.223078 0.268480 0.775338 0.571638 0.060000 0.070000 0.022000 0.107000
0.223035 0.271074 0.486596 0.830508 0.060000 0.070000 0.022000 0.107000
0.220809 0.289862 0.932018 0.217539 0.060000 0.070000 0.022000 0.107000
0.208146 -0.209258 -0.591556 0.778635 0.060000 0.070000 0.022000 0.107000
0.203676 0.410819 -0.745750 0.524485 0.060000 0.070000 0.022000 0.107000
0.180363 -0.297906 0.067905 0.952177 0.060000 0.070000 0.022000 0.107000
0.175351 -0.422478 0.894405 0.146805 0.060000 0.070000 0.022000 0.107000
0.154405 -0.381569 -0.808288 0.448414 0.060000 0.070000 0.022000 0.107000
0.126183 -0.442129 0.428481 0.787988 0.060000 0.070000 0.022000 0.107000
0.125261 0.513544 -0.445361 0.733434 0.060000 0.070000 0.022000 0.107000
0.124790 -0.453067 -0.255910 0.853955 0.060000 0.070000 0.022000 0.107000
0.119999 -0.455611 0.726712 0.514109 0.060000 0.070000 0.022000 0.107000
0.118575 -0.534944 -0.842047 0.069223 0.060000 0.070000 0.022000 0.107000
0.107412 -0.604490 -0.726423 -0.326957 0.060000 0.070000 0.022000 0.107000
0.103230 0.506980 0.179057 0.843154 0.060000 0.070000 0.022000 0.107000
0.102419 0.709358 -0.116776 0.695108 0.060000 0.070000 0.022000 0.107000
0.098059 -0.555293 -0.544437 0.628680 0.060000 0.070000 0.022000 0.107000
0.095964 0.595693 0.517846 0.613992 0.060000 0.070000 0.022000 0.107000
0.095377 0.624335 -0.760021 0.180480 0.060000 0.070000 0.022000 0.107000
0.080956 0.746408 -0.484029 0.456718 0.060000 0.070000 0.022000 0.107000
0.080499 -0.938128 -0.286995 0.193779 0.060000 0.070000 0.022000 0.107000
0.079022 -0.901618 0.046637 0.430011 0.060000 0.070000 0.022000 0.107000
0.076433 -0.724264 0.422115 0.545216 0.060000 0.070000 0.022000 0.107000
0.075775 0.999019 -0.044260 -0.001542 0.060000 0.070000 0.022000 0.107000
0.072870 -0.815161 -0.572790 -0.086157 0.060000 0.070000 0.022000 0.107000
0.070720 -0.777903 -0.262667 0.570853 0.060000 0.070000 0.022000 0.107000
0.070030 -0.713813 0.669895 0.204232 0.060000 0.070000 0.022000 0.107000
0.069020 0.884630 -0.449425 0.124287 0.060000 0.070000 0.022000 0.107000
0.068011 0.911357 -0.345768 -0.223324 0.060000 0.070000 0.022000 0.107000
0.066935 0.652945 -0.081707 -0.752985 0.060000 0.070000 0.022000 0.107000
0.065935 0.920845 -0.122756 0.370102 0.060000 0.070000 0.022000 0.107000
0.065113 -0.739756 -0.603931 0.296697 0.060000 0.070000 0.022000 0.107000
0.058086 0.800927 0.235306 0.550588 0.060000 0.070000 0.022000 0.107000
0.057122 0.936566 0.269263 0.224369 0.060000 0.070000 0.022000 0.107000
1.014235 0.000000 0.000000 0.000000 0.000000 0.000000 0.000000 0.000000
1.000951 0.000000 0.000000 0.000000 0.000000 0.000000 0.000000 0.000000
0.984814 0.000000 0.000000 0.000000 0.000000 0.000000 0.000000 0.000000
0.725098 -0.000575 0.610576 0.791958 0.055000 0.090000 0.006000 0.111000
0.718493 0.082959 -0.874545 -0.477796 0.055000 0.090000 0.006000 0.111000
0.706069 0.081260 -0.117264 0.989771 0.055000 0.090000 0.006000 0.111000
0.703800 0.013944 -0.819747 0.572556 0.055000 0.090000 0.006000 0.111000
0.701636 0.089652 -0.505854 0.857948 0.055000 0.090000 0.006000 0.111000
0.701628 0.051088 0.298552 0.953025 0.055000 0.090000 0.006000 0.111000
0.699737 0.114868 0.969538 -0.216338 0.055000 0.090000 0.006000 0.111000
0.694117 0.156960 -0.983577 -0.089100 0.055000 0.090000 0.006000 0.111000
0.671500 0.272092 -0.907786 0.319202 0.055000 0.090000 0.006000 0.111000
0.653356 0.279269 0.772037 0.570936 0.055000 0.090000 0.006000 0.111000
0.653202 -0.191053 -0.963876 -0.185587 0.055000 0.090000 0.006000 0.111000
0.648546 -0.243825 -0.608460 0.755199 0.055000 0.090000 0.006000 0.111000
0.643745 0.394409 0.472233 0.788313 0.055000 0.090000 0.006000 0.111000
0.643665 0.386721 -0.672334 0.631201 0.055000 0.090000 0.006000 0.111000
0.627475 0.389597 0.105703 0.914899 0.055000 0.090000 0.006000 0.111000
0.623707 -0.391757 -0.796780 0.460075 0.055000 0.090000 0.006000 0.111000
0.619691 0.405129 -0.329043 0.852995 0.055000 0.090000 0.006000 0.111000
0.619389 -0.258495 0.125045 0.957885 0.055000 0.090000 0.006000 0.111000
0.614110 -0.271526 -0.264826 0.925279 0.055000 0.090000 0.006000 0.111000
0.600562 0.342088 -0.629910 -0.697273 0.055000 0.090000 0.006000 0.111000
0.592467 0.488993 -0.872240 0.009143 0.055000 0.090000 0.006000 0.111000
0.577194 0.512620 0.815536 0.268555 0.055000 0.090000 0.006000 0.111000
0.573786 0.450042 -0.813325 -0.368734 0.055000 0.090000 0.006000 0.111000
0.564529 -0.490788 -0.864598 0.107693 0.055000 0.090000 0.006000 0.111000
0.521154 0.501492 -0.329835 -0.799822 0.055000 0.090000 0.006000 0.111000
0.511548 0.660310 0.568401 0.490827 0.055000 0.090000 0.006000 0.111000
0.507849 0.639863 -0.701668 0.313428 0.055000 0.090000 0.006000 0.111000
0.505931 0.664142 -0.099587 0.740944 0.055000 0.090000 0.006000 0.111000
0.491722 -0.589645 -0.079283 0.803762 0.055000 0.090000 0.006000 0.111000
0.491387 0.705500 -0.432163 0.561698 0.055000 0.090000 0.006000 0.111000
0.483907 0.712956 0.250437 0.654961 0.055000 0.090000 0.006000 0.111000
0.482410 -0.569852 -0.468517 0.675100 0.055000 0.090000 0.006000 0.111000
0.452414 -0.723916 -0.609458 0.323275 0.055000 0.090000 0.006000 0.111000
0.441689 -0.779457 -0.621317 -0.080079 0.055000 0.090000 0.006000 0.111000
0.431772 0.754805 -0.648514 -0.098486 0.055000 0.090000 0.006000 0.111000
0.424505 0.691138 -0.533689 -0.487344 0.055000 0.090000 0.006000 0.111000
0.397395 -0.790452 0.172509 0.587730 0.055000 0.090000 0.006000 0.111000
0.397204 0.894864 -0.075688 0.439875 0.055000 0.090000 0.006000 0.111000
0.370313 0.891931 -0.405274 0.200532 0.055000 0.090000 0.006000 0.111000
0.369311 -0.817475 -0.259829 0.514027 0.055000 0.090000 0.006000 0.111000
0.348441 0.917243 -0.342727 -0.202987 0.055000 0.090000 0.006000 0.111000
0.347160 0.905118 0.303539 0.297701 0.055000 0.090000 0.006000 0.111000
0.347099 -0.934569 -0.339315 0.106989 0.055000 0.090000 0.006000 0.111000
0.309238 0.956502 0.007838 -0.291619 0.055000 0.090000 0.006000 0.111000
0.290474 0.995943 -0.031355 0.084353 0.055000 0.090000 0.006000 0.111000
1.008188 0.000000 0.000000 0.000000 0.000000 0.000000 0.000000 0.000000
1.002741 0.000000 0.000000 0.000000 0.000000 0.000000 0.000000 0.000000
0.989071 0.000000 0.000000 0.000000 0.000000 0.000000 0.000000 0.000000
0.681442 0.076391 -0.988053 -0.133848 0.060000 0.090000 0.006000 0.111000
0.667608 -0.054439 0.951286 -0.303467 0.060000 0.090000 0.006000 0.111000
0.643341 -0.017705 -0.616066 -0.787496 0.060000 0.090000 0.006000 0.111000
0.638351 -0.004123 -0.869363 -0.494156 0.060000 0.090000 0.006000 0.111000
0.631218 0.016249 0.755074 -0.655438 0.060000 0.090000 0.006000 0.111000
0.624473 0.237499 0.967473 -0.087126 0.060000 0.090000 0.006000 0.111000
0.614149 -0.128138 -0.229501 -0.964837 0.060000 0.090000 0.006000 0.111000
0.602952 -0.248103 0.161516 -0.955174 0.060000 0.090000 0.006000 0.111000
0.596298 -0.292923 0.532862 -0.793885 0.060000 0.090000 0.006000 0.111000
0.592864 0.048972 0.431549 -0.900759 0.060000 0.090000 0.006000 0.111000
0.589868 0.341719 0.836508 -0.428349 0.060000 0.090000 0.006000 0.111000
0.583521 -0.366726 -0.456596 -0.810575 0.060000 0.090000 0.006000 0.111000
0.581939 0.254260 -0.362129 -0.896780 0.060000 0.090000 0.006000 0.111000
0.579554 -0.337229 -0.905623 -0.257144 0.060000 0.090000 0.006000 0.111000
0.576942 -0.382129 -0.728117 -0.569054 0.060000 0.090000 0.006000 0.111000
0.573577 0.133626 0.018722 -0.990855 0.060000 0.090000 0.006000 0.111000
0.573424 -0.343953 0.812767 -0.470219 0.060000 0.090000 0.006000 0.111000
0.558622 -0.394316 0.915815 -0.076146 0.060000 0.090000 0.006000 0.111000
0.550031 0.340134 -0.684815 -0.644466 0.060000 0.090000 0.006000 0.111000
0.530535 0.386477 0.593029 -0.706365 0.060000 0.090000 0.006000 0.111000
0.529664 -0.384196 0.859005 0.338383 0.060000 0.090000 0.006000 0.111000
0.524581 -0.524838 -0.112580 -0.843724 0.060000 0.090000 0.006000 0.111000
0.497608 0.386651 0.257810 -0.885458 0.060000 0.090000 0.006000 0.111000
0.470585 -0.595745 0.568805 -0.567052 0.060000 0.090000 0.006000 0.111000
0.466232 -0.598077 0.243493 -0.763554 0.060000 0.090000 0.006000 0.111000
0.466109 -0.582658 -0.808419 0.083481 0.060000 0.090000 0.006000 0.111000
0.425618 0.530856 -0.095882 -0.842020 0.060000 0.090000 0.006000 0.111000
0.421484 -0.681084 -0.419309 -0.600254 0.060000 0.090000 0.006000 0.111000
0.415596 0.597008 -0.441229 -0.669999 0.060000 0.090000 0.006000 0.111000
0.411302 -0.668302 0.723074 0.174746 0.060000 0.090000 0.006000 0.111000
0.398379 -0.683105 0.697769 -0.215604 0.060000 0.090000 0.006000 0.111000
0.396102 -0.675836 -0.678176 -0.288657 0.060000 0.090000 0.006000 0.111000
0.377245 0.819132 0.037094 0.572405 0.060000 0.090000 0.006000 0.111000
0.370980 0.682269 0.281221 -0.674852 0.060000 0.090000 0.006000 0.111000
0.370815 0.675838 0.603578 -0.423009 0.060000 0.090000 0.006000 0.111000
0.343419 -0.840008 0.342372 -0.420913 0.060000 0.090000 0.006000 0.111000
0.332257 -0.839538 -0.540209 0.057880 0.060000 0.090000 0.006000 0.111000
0.323457 -0.891881 -0.333279 -0.305733 0.060000 0.090000 0.006000 0.111000
0.307090 0.812386 -0.095091 -0.575315 0.060000 0.090000 0.006000 0.111000
0.300528 -0.898946 0.437289 -0.025987 0.060000 0.090000 0.006000 0.111000
0.291897 0.799827 -0.464874 -0.379696 0.060000 0.090000 0.006000 0.111000
0.284143 0.888948 0.257125 -0.379022 0.060000 0.090000 0.006000 0.111000
0.273829 -0.974037 0.079257 -0.212063 0.060000 0.090000 0.006000 0.111000
0.256536 0.963980 -0.146377 -0.222071 0.060000 0.090000 0.006000 0.111000
0.249540 0.981491 0.188461 -0.034038 0.060000 0.090000 0.006000 0.111000
1.005896 0.000000 0.000000 0.000000 0.000000 0.000000 0.000000 0.000000
1.000294 0.000000 0.000000 0.000000 0.000000 0.000000 0.000000 0.000000
0.993810 0.000000 0.000000 0.000000 0.000000 0.000000 0.000000 0.000000
0.791435 0.015034 0.401200 0.915867 0.055000 0.030000 0.010000 0.055000
0.788564 -0.034085 0.876070 0.480977 0.055000 0.030000 0.010000 0.055000
0.781150 0.057061 0.049179 0.997159 0.055000 0.030000 0.010000 0.055000
0.778679 -0.216621 0.626403 0.748796 0.055000 0.030000 0.010000 0.055000
0.774194 0.121426 0.985238 0.120672 0.055000 0.030000 0.010000 0.055000
0.766635 0.080513 -0.308356 0.947858 0.055000 0.030000 0.010000 0.055000
0.761057 -0.087009 0.970140 -0.226401 0.055000 0.030000 0.010000 0.055000
0.759003 0.121264 0.827426 -0.548326 0.055000 0.030000 0.010000 0.055000
0.755146 -0.082527 0.627815 -0.773975 0.055000 0.030000 0.010000 0.055000
0.745402 -0.248837 0.957296 0.147186 0.055000 0.030000 0.010000 0.055000
0.744493 0.211995 0.660682 0.720109 0.055000 0.030000 0.010000 0.055000
0.739299 -0.297909 -0.149545 0.942808 0.055000 0.030000 0.010000 0.055000
0.737740 -0.331903 0.235646 0.913406 0.055000 0.030000 0.010000 0.055000
0.733325 -0.282759 -0.513617 0.810090 0.055000 0.030000 0.010000 0.055000
0.720813 0.316995 0.913084 -0.256497 0.055000 0.030000 0.010000 0.055000
0.707140 0.366499 0.827498 0.425355 0.055000 0.030000 0.010000 0.055000
0.703946 -0.307636 0.797467 -0.519043 0.055000 0.030000 0.010000 0.055000
0.700674 -0.426846 0.761714 0.487437 0.055000 0.030000 0.010000 0.055000
0.691403 0.380354 0.305596 0.872893 0.055000 0.030000 0.010000 0.055000
0.663123 0.431761 -0.478155 0.764820 0.055000 0.030000 0.010000 0.055000
0.654344 0.426809 -0.096002 0.899232 0.055000 0.030000 0.010000 0.055000
0.652806 0.503173 0.677588 -0.536369 0.055000 0.030000 0.010000 0.055000
0.647736 0.480804 0.874346 0.065930 0.055000 0.030000 0.010000 0.055000
0.635404 -0.477014 0.857439 -0.193017 0.055000 0.030000 0.010000 0.055000
0.626719 -0.576323 0.437657 0.690151 0.055000 0.030000 0.010000 0.055000
0.589009 0.611536 0.319444 -0.723864 0.055000 0.030000 0.010000 0.055000
0.586577 -0.634549 0.031413 0.772244 0.055000 0.030000 0.010000 0.055000
0.578384 -0.590011 0.790635 0.163656 0.055000 0.030000 0.010000 0.055000
0.577772 -0.583894 -0.538316 -0.607687 0.055000 0.030000 0.010000 0.055000
0.536321 0.692940 0.693125 -0.198525 0.055000 0.030000 0.010000 0.055000
0.523873 -0.658734 0.602706 -0.450351 0.055000 0.030000 0.010000 0.055000
0.508239 0.683080 0.159796 0.712648 0.055000 0.030000 0.010000 0.055000
0.508220 0.715383 0.656663 0.238790 0.055000 0.030000 0.010000 0.055000
0.504985 0.710418 -0.257006 0.655175 0.055000 0.030000 0.010000 0.055000
0.482758 -0.772458 0.519208 0.365695 0.055000 0.030000 0.010000 0.055000
0.472497 0.803611 0.403501 -0.437488 0.055000 0.030000 0.010000 0.055000
0.463423 -0.797767 0.599387 -0.065592 0.055000 0.030000 0.010000 0.055000
0.462326 -0.840847 0.164196 0.515768 0.055000 0.030000 0.010000 0.055000
0.420121 0.859802 0.352069 0.369849 0.055000 0.030000 0.010000 0.055000
0.402117 0.908446 0.416735 -0.032520 0.055000 0.030000 0.010000 0.055000
0.390451 -0.904243 0.325478 -0.276422 0.055000 0.030000 0.010000 0.055000
0.385082 -0.896455 0.002305 -0.443128 0.055000 0.030000 0.010000 0.055000
0.384775 -0.945333 -0.104596 0.308877 0.055000 0.030000 0.010000 0.055000
0.376822 -0.953655 0.272525 0.127563 0.055000 0.030000 0.010000 0.055000
0.337493 -0.995591 -0.054804 -0.076126 0.055000 0.030000 0.010000 0.055000
1.013186 0.000000 0.000000 0.000000 0.000000 0.000000 0.000000 0.000000
0.997520 0.000000 0.000000 0.000000 0.000000 0.000000 0.000000 0.000000
0.989295 0.000000 0.000000 0.000000 0.000000 0.000000 0.000000 0.000000
0.784732 0.040738 0.999117 -0.010238 0.060000 0.030000 0.010000 0.055000
0.767470 0.045751 0.237324 -0.970352 0.060000 0.030000 0.010000 0.055000
0.766665 0.051184 0.762648 0.644785 0.060000 0.030000 0.010000 0.055000
0.764210 0.131717 0.723724 -0.677402 0.060000 0.030000 0.010000 0.055000
0.762863 0.142769 -0.507870 -0.849520 0.060000 0.030000 0.010000 0.055000
0.760493 -0.160906 0.927147 0.338389 0.060000 0.030000 0.010000 0.055000
0.752151 0.102386 -0.149787 -0.983403 0.060000 0.030000 0.010000 0.055000
0.742561 0.218448 -0.673466 0.706204 0.060000 0.030000 0.010000 0.055000
0.741944 -0.099742 0.916686 -0.386960 0.060000 0.030000 0.010000 0.055000
0.741705 0.212874 0.435840 0.874487 0.060000 0.030000 0.010000 0.055000
0.729916 0.242970 0.901704 0.357625 0.060000 0.030000 0.010000 0.055000
0.724026 0.285967 0.888933 -0.357800 0.060000 0.030000 0.010000 0.055000
0.717549 0.295000 0.454174 -0.840655 0.060000 0.030000 0.010000 0.055000
0.711531 0.271577 -0.372854 0.887257 0.060000 0.030000 0.010000 0.055000
0.709426 0.268621 0.038849 0.962462 0.060000 0.030000 0.010000 0.055000
0.707042 -0.364795 0.702944 0.610570 0.060000 0.030000 0.010000 0.055000
0.693515 0.394894 0.918676 0.009663 0.060000 0.030000 0.010000 0.055000
0.675510 -0.316092 0.947902 -0.039588 0.060000 0.030000 0.010000 0.055000
0.665059 0.419278 0.059884 -0.905881 0.060000 0.030000 0.010000 0.055000
0.637300 0.463336 -0.338784 -0.818868 0.060000 0.030000 0.010000 0.055000
0.625136 0.523651 0.650437 -0.550201 0.060000 0.030000 0.010000 0.055000
0.624032 -0.440473 -0.654676 -0.614315 0.060000 0.030000 0.010000 0.055000
0.593243 -0.461818 0.781604 -0.419308 0.060000 0.030000 0.010000 0.055000
0.579944 -0.539235 0.789435 0.293286 0.060000 0.030000 0.010000 0.055000
0.573736 0.536242 0.297731 0.789811 0.060000 0.030000 0.010000 0.055000
0.546178 0.619941 0.740701 0.258912 0.060000 0.030000 0.010000 0.055000
0.544312 0.575277 -0.139641 0.805951 0.060000 0.030000 0.010000 0.055000
0.542433 0.634663 0.313302 -0.706431 0.060000 0.030000 0.010000 0.055000
0.537389 0.653538 0.737393 -0.170705 0.060000 0.030000 0.010000 0.055000
0.536663 0.589394 -0.490683 0.641752 0.060000 0.030000 0.010000 0.055000
0.525399 0.632092 -0.771274 0.074809 0.060000 0.030000 0.010000 0.055000
0.496419 0.698297 -0.491230 -0.520648 0.060000 0.030000 0.010000 0.055000
0.484096 0.717331 -0.117806 -0.686701 0.060000 0.030000 0.010000 0.055000
0.435585 0.760040 0.459899 0.459165 0.060000 0.030000 0.010000 0.055000
0.435102 0.819930 0.462711 -0.337065 0.060000 0.030000 0.010000 0.055000
0.428519 0.787912 0.110380 0.605814 0.060000 0.030000 0.010000 0.055000
0.410702 0.835332 -0.531827 -0.139212 0.060000 0.030000 0.010000 0.055000
0.409534 0.797423 -0.529139 0.290050 0.060000 0.030000 0.010000 0.055000
0.384497 0.873784 0.128121 -0.469135 0.060000 0.030000 0.010000 0.055000
0.383914 0.871079 0.486391 0.068155 0.060000 0.030000 0.010000 0.055000
0.371762 0.851564 -0.222804 0.474550 0.060000 0.030000 0.010000 0.055000
0.356391 0.921573 -0.218540 -0.320848 0.060000 0.030000 0.010000 0.055000
0.321199 0.954013 0.139686 0.265229 0.060000 0.030000 0.010000 0.055000
0.320042 0.971489 -0.221930 0.083401 0.060000 0.030000 0.010000 0.055000
0.317632 0.984688 0.138574 -0.105765 0.060000 0.030000 0.010000 0.055000
1.008316 0.000000 0.000000 0.000000 0.000000 0.000000 0.000000 0.000000
0.998612 0.000000 0.000000 0.000000 0.000000 0.000000 0.000000 0.000000
0.993072 0.000000 0.000000 0.000000 0.000000 0.000000 0.000000 0.000000
0.407987 0.102478 0.795000 -0.597891 0.055000 0.090000 0.015000 0.120000
0.365427 -0.179445 -0.949040 0.259079 0.055000 0.090000 0.015000 0.120000
0.364214 -0.007347 -0.704248 -0.709916 0.055000 0.090000 0.015000 0.120000
0.362244 0.116390 -0.925186 -0.361225 0.055000 0.090000 0.015000 0.120000
0.355352 -0.219674 -0.969301 -0.110448 0.055000 0.090000 0.015000 0.120000
0.345557 0.239615 0.849245 0.470497 0.055000 0.090000 0.015000 0.120000
0.341459 -0.043558 0.292153 -0.955379 0.055000 0.090000 0.015000 0.120000
0.328353 0.037479 -0.084942 -0.995681 0.055000 0.090000 0.015000 0.120000
0.323758 -0.185175 -0.388521 -0.902641 0.055000 0.090000 0.015000 0.120000
0.321225 0.158772 -0.986536 0.039226 0.055000 0.090000 0.015000 0.120000
0.320495 0.250724 0.536160 -0.806021 0.055000 0.090000 0.015000 0.120000
0.307348 0.209539 -0.877980 0.430401 0.055000 0.090000 0.015000 0.120000
0.296247 0.181945 -0.605977 0.774395 0.055000 0.090000 0.015000 0.120000
0.260909 0.355430 0.206465 -0.911615 0.055000 0.090000 0.015000 0.120000
0.242999 0.216219 -0.462644 -0.859773 0.055000 0.090000 0.015000 0.120000
0.230410 0.462583 0.738766 -0.490146 0.055000 0.090000 0.015000 0.120000
0.229872 -0.340994 -0.001889 -0.940063 0.055000 0.090000 0.015000 0.120000
0.212512 0.431035 0.591256 0.681635 0.055000 0.090000 0.015000 0.120000
0.188029 0.403828 -0.153889 -0.901799 0.055000 0.090000 0.015000 0.120000
0.183650 0.538101 0.836682 -0.102035 0.055000 0.090000 0.015000 0.120000
0.182064 0.553649 0.775960 0.302257 0.055000 0.090000 0.015000 0.120000
0.181045 -0.381896 0.715915 0.584483 0.055000 0.090000 0.015000 0.120000
0.162935 -0.443743 0.321647 -0.836442 0.055000 0.090000 0.015000 0.120000
0.155396 0.452487 -0.866087 -0.212481 0.055000 0.090000 0.015000 0.120000
0.154180 0.560385 0.238981 0.793005 0.055000 0.090000 0.015000 0.120000
0.154102 0.497817 -0.840138 0.215283 0.055000 0.090000 0.015000 0.120000
0.147991 0.511778 -0.639882 0.573266 0.055000 0.090000 0.015000 0.120000
0.108525 0.616334 0.410896 -0.671787 0.055000 0.090000 0.015000 0.120000
0.100932 0.606469 -0.395567 -0.689726 0.055000 0.090000 0.015000 0.120000
0.099914 0.692106 0.016043 -0.721618 0.055000 0.090000 0.015000 0.120000
0.099450 0.740920 0.461473 0.487935 0.055000 0.090000 0.015000 0.120000
0.091788 0.752083 0.573902 -0.324049 0.055000 0.090000 0.015000 0.120000
0.086321 0.872252 -0.215491 -0.439022 0.055000 0.090000 0.015000 0.120000
0.081385 0.874144 0.189556 -0.447147 0.055000 0.090000 0.015000 0.120000
0.079706 0.727209 -0.686088 -0.021236 0.055000 0.090000 0.015000 0.120000
0.078114 0.921487 -0.382285 -0.068704 0.055000 0.090000 0.015000 0.120000
0.077069 0.726636 -0.284511 0.625342 0.055000 0.090000 0.015000 0.120000
0.076553 0.713112 -0.584434 -0.387179 0.055000 0.090000 0.015000 0.120000
0.072822 0.942771 -0.174115 0.284371 0.055000 0.090000 0.015000 0.120000
0.071726 0.786070 -0.526675 0.323586 0.055000 0.090000 0.015000 0.120000
0.068790 0.940015 0.213256 0.266257 0.055000 0.090000 0.015000 0.120000
0.068182 0.798724 0.061975 0.598497 0.055000 0.090000 0.015000 0.120000
0.066035 0.938633 0.330111 -0.099970 0.055000 0.090000 0.015000 0.120000
0.063378 0.796526 0.595585 0.104046 0.055000 0.090000 0.015000 0.120000
0.051475 0.994947 -0.029203 -0.096060 0.055000 0.090000 0.015000 0.120000
1.027067 0.000000 0.000000 0.000000 0.000000 0.000000 0.000000 0.000000
0.987137 0.000000 0.000000 0.000000 0.000000 0.000000 0.000000 0.000000
0.985795 0.000000 0.000000 0.000000 0.000000 0.000000 0.000000 0.000000
0.378140 0.030142 0.883822 0.466852 0.060000 0.090000 0.015000 0.120000
0.363188 0.029578 -0.994546 -0.100020 0.060000 0.090000 0.015000 0.120000
0.360855 -0.048883 -0.828198 0.558299 0.060000 0.090000 0.015000 0.120000
0.360688 0.150219 0.645856 0.748535 0.060000 0.090000 0.015000 0.120000
0.333616 -0.144866 0.441159 0.885659 0.060000 0.090000 0.015000 0.120000
0.332017 0.063403 -0.528305 0.846684 0.060000 0.090000 0.015000 0.120000
0.322032 0.187363 -0.933569 0.305522 0.060000 0.090000 0.015000 0.120000
0.317443 0.161507 0.256990 0.952823 0.060000 0.090000 0.015000 0.120000
0.305384 -0.103538 0.146822 -0.983729 0.060000 0.090000 0.015000 0.120000
0.290270 -0.209396 -0.956521 0.203028 0.060000 0.090000 0.015000 0.120000
0.268054 -0.277775 0.695716 0.662435 0.060000 0.090000 0.015000 0.120000
0.257909 -0.273818 -0.285587 0.918403 0.060000 0.090000 0.015000 0.120000
0.256685 0.343489 0.919385 0.191692 0.060000 0.090000 0.015000 0.120000
0.254257 -0.231372 0.080698 0.969513 0.060000 0.090000 0.015000 0.120000
0.241204 0.339490 -0.712362 0.614237 0.060000 0.090000 0.015000 0.120000
0.239851 -0.288141 -0.616772 0.732507 0.060000 0.090000 0.015000 0.120000
0.219264 -0.391795 0.920039 -0.004992 0.060000 0.090000 0.015000 0.120000
0.212758 -0.363571 0.862105 0.352974 0.060000 0.090000 0.015000 0.120000
0.202877 0.402738 -0.375707 0.834654 0.060000 0.090000 0.015000 0.120000
0.179919 0.427683 0.756105 0.495371 0.060000 0.090000 0.015000 0.120000
0.175386 0.450777 0.048785 0.891303 0.060000 0.090000 0.015000 0.120000
0.155072 -0.465507 -0.773726 0.429711 0.060000 0.090000 0.015000 0.120000
0.141202 0.477016 0.437512 0.762259 0.060000 0.090000 0.015000 0.120000
0.120611 -0.501600 0.350586 0.790877 0.060000 0.090000 0.015000 0.120000
0.119656 -0.583677 -0.047907 0.810571 0.060000 0.090000 0.015000 0.120000
0.114171 0.581277 -0.759288 0.292571 0.060000 0.090000 0.015000 0.120000
0.104131 -0.575323 -0.815982 0.056364 0.060000 0.090000 0.015000 0.120000
0.098639 -0.689674 0.715326 0.112511 0.060000 0.090000 0.015000 0.120000
0.098241 -0.597066 -0.433639 0.674885 0.060000 0.090000 0.015000 0.120000
0.097900 -0.767055 -0.555142 0.321627 0.060000 0.090000 0.015000 0.120000
0.096675 0.678145 -0.498545 0.539975 0.060000 0.090000 0.015000 0.120000
0.088833 -0.955292 0.049537 0.291484 0.060000 0.090000 0.015000 0.120000
0.085925 -0.687679 0.158072 -0.708597 0.060000 0.090000 0.015000 0.120000
0.084860 -0.636232 0.592014 0.494701 0.060000 0.090000 0.015000 0.120000
0.084363 -0.711550 -0.551789 -0.435000 0.060000 0.090000 0.015000 0.120000
0.084350 -0.756425 -0.209535 -0.619610 0.060000 0.090000 0.015000 0.120000
0.081773 -0.898475 0.150898 -0.412276 0.060000 0.090000 0.015000 0.120000
0.074056 -0.828871 -0.202127 0.521649 0.060000 0.090000 0.015000 0.120000
0.072964 -0.857483 0.483099 -0.177026 0.060000 0.090000 0.015000 0.120000
0.071539 -0.951284 -0.288563 0.108585 0.060000 0.090000 0.015000 0.120000
0.069072 -0.802796 -0.588796 -0.094009 0.060000 0.090000 0.015000 0.120000
0.067234 -0.991459 0.113187 -0.064793 0.060000 0.090000 0.015000 0.120000
0.064149 -0.881973 0.415879 0.221739 0.060000 0.090000 0.015000 0.120000
0.057760 -0.932453 -0.234377 -0.274952 0.060000 0.090000 0.015000 0.120000
0.056202 -0.781955 0.221909 0.582497 0.060000 0.090000 0.015000 0.120000
1.008598 0.000000 0.000000 0.000000 0.000000 0.000000 0.000000 0.000000
0.996705 0.000000 0.000000 0.000000 0.000000 0.000000 0.000000 0.000000
0.994697 0.000000 0.000000 0.000000 0.000000 0.000000 0.000000 0.000000
0.517134 -0.092871 0.573480 0.813938 0.055000 0.030000 0.022000 0.071000
0.508343 0.121203 -0.987913 0.096628 0.055000 0.030000 0.022000 0.071000
0.497965 0.041440 0.269651 0.962066 0.055000 0.030000 0.022000 0.071000
0.496092 -0.204059 0.804059 0.558434 0.055000 0.030000 0.022000 0.071000
0.485409 -0.060730 -0.914313 0.400429 0.055000 0.030000 0.022000 0.071000
0.485227 -0.101453 -0.954417 -0.280706 0.055000 0.030000 0.022000 0.071000
0.473324 0.127487 -0.687552 0.714856 0.055000 0.030000 0.022000 0.071000
0.468294 -0.072838 -0.091489 0.993139 0.055000 0.030000 0.022000 0.071000
0.442579 -0.278569 0.933276 0.226705 0.055000 0.030000 0.022000 0.071000
0.436133 -0.164712 -0.435624 0.884930 0.055000 0.030000 0.022000 0.071000
0.434765 0.202082 0.769195 0.606219 0.055000 0.030000 0.022000 0.071000
0.419196 0.342438 -0.845417 0.409885 0.055000 0.030000 0.022000 0.071000
0.412868 -0.231706 0.345228 -0.909467 0.055000 0.030000 0.022000 0.071000
0.406020 -0.245048 -0.721448 0.647661 0.055000 0.030000 0.022000 0.071000
0.382682 0.330917 0.050320 0.942317 0.055000 0.030000 0.022000 0.071000
0.371545 0.334462 0.471208 0.816149 0.055000 0.030000 0.022000 0.071000
0.370952 -0.286371 -0.956228 0.060167 0.055000 0.030000 0.022000 0.071000
0.365989 -0.333536 0.230340 0.914165 0.055000 0.030000 0.022000 0.071000
0.335698 0.476612 -0.565214 0.673331 0.055000 0.030000 0.022000 0.071000
0.293677 0.526300 -0.848892 0.048894 0.055000 0.030000 0.022000 0.071000
0.291950 -0.481972 0.535799 0.693270 0.055000 0.030000 0.022000 0.071000
0.260744 -0.457477 -0.155746 0.875476 0.055000 0.030000 0.022000 0.071000
0.256420 0.472747 0.831045 0.293043 0.055000 0.030000 0.022000 0.071000
0.251900 0.581567 -0.165786 0.796426 0.055000 0.030000 0.022000 0.071000
0.239268 -0.482716 -0.800177 0.355952 0.055000 0.030000 0.022000 0.071000
0.236088 -0.577271 0.735791 0.354076 0.055000 0.030000 0.022000 0.071000
0.211618 -0.535725 -0.504781 0.676901 0.055000 0.030000 0.022000 0.071000
0.184669 0.688702 -0.651015 0.319170 0.055000 0.030000 0.022000 0.071000
0.181291 0.581859 0.604773 0.543774 0.055000 0.030000 0.022000 0.071000
0.177204 0.633195 0.236992 0.736817 0.055000 0.030000 0.022000 0.071000
0.159356 -0.654926 0.169541 0.736429 0.055000 0.030000 0.022000 0.071000
0.145943 -0.651281 -0.758819 0.005084 0.055000 0.030000 0.022000 0.071000
0.141941 -0.762832 0.352320 -0.542179 0.055000 0.030000 0.022000 0.071000
0.123744 -0.759354 -0.228714 0.609156 0.055000 0.030000 0.022000 0.071000
0.122355 -0.812317 0.580114 0.060072 0.055000 0.030000 0.022000 0.071000
0.102176 -0.784546 0.438342 0.438571 0.055000 0.030000 0.022000 0.071000
0.099522 -0.769577 -0.539617 0.341417 0.055000 0.030000 0.022000 0.071000
0.097323 -0.827827 -0.392704 -0.400608 0.055000 0.030000 0.022000 0.071000
0.091637 -0.859734 -0.018328 -0.510414 0.055000 0.030000 0.022000 0.071000
0.087429 -0.888668 0.073095 0.452687 0.055000 0.030000 0.022000 0.071000
0.085976 -0.926338 0.305263 -0.220707 0.055000 0.030000 0.022000 0.071000
0.084907 -0.870732 -0.487910 -0.061395 0.055000 0.030000 0.022000 0.071000
0.078028 -0.951360 -0.221643 0.213984 0.055000 0.030000 0.022000 0.071000
0.069647 -0.970061 0.208244 0.124964 0.055000 0.030000 0.022000 0.071000
0.067497 -0.983926 -0.095104 -0.151145 0.055000 0.030000 0.022000 0.071000
1.014987 0.000000 0.000000 0.000000 0.000000 0.000000 0.000000 0.000000
0.995480 0.000000 0.000000 0.000000 0.000000 0.000000 0.000000 0.000000
0.989533 0.000000 0.000000 0.000000 0.000000 0.000000 0.000000 0.000000
0.511662 0.041594 -0.984986 -0.167550 0.060000 0.030000 0.022000 0.071000
0.489688 0.005811 -0.839172 -0.543835 0.060000 0.030000 0.022000 0.071000
0.481255 0.000684 -0.554581 -0.832130 0.060000 0.030000 0.022000 0.071000
0.461015 0.010855 -0.967511 0.252597 0.060000 0.030000 0.022000 0.071000
0.457555 -0.078339 -0.791333 0.606346 0.060000 0.030000 0.022000 0.071000
0.445180 0.123580 0.483937 -0.866333 0.060000 0.030000 0.022000 0.071000
0.431876 -0.065256 -0.166753 -0.983837 0.060000 0.030000 0.022000 0.071000
0.402945 0.208519 0.085309 -0.974291 0.060000 0.030000 0.022000 0.071000
0.384753 -0.174706 0.222533 -0.959144 0.060000 0.030000 0.022000 0.071000
0.380700 0.296467 -0.839991 0.454447 0.060000 0.030000 0.022000 0.071000
0.372762 -0.224974 0.582825 -0.780834 0.060000 0.030000 0.022000 0.071000
0.362575 0.332513 -0.643960 -0.689021 0.060000 0.030000 0.022000 0.071000
0.361919 -0.288538 -0.957286 0.018706 0.060000 0.030000 0.022000 0.071000
0.357619 0.354269 -0.872851 -0.335596 0.060000 0.030000 0.022000 0.071000
0.351001 -0.310865 0.299938 0.901887 0.060000 0.030000 0.022000 0.071000
0.328357 0.370422 -0.926541 0.065639 0.060000 0.030000 0.022000 0.071000
0.307321 -0.342176 -0.878881 -0.332391 0.060000 0.030000 0.022000 0.071000
0.306926 -0.360838 -0.682537 -0.635562 0.060000 0.030000 0.022000 0.071000
0.303496 -0.342250 -0.392192 -0.853844 0.060000 0.030000 0.022000 0.071000
0.274700 -0.392145 -0.850474 0.350594 0.060000 0.030000 0.022000 0.071000
0.251224 -0.453472 -0.629875 0.630572 0.060000 0.030000 0.022000 0.071000
0.241233 -0.465043 -0.322385 0.824502 0.060000 0.030000 0.022000 0.071000
0.240992 -0.468031 -0.052089 -0.882176 0.060000 0.030000 0.022000 0.071000
0.214889 0.551950 -0.591957 0.587314 0.060000 0.030000 0.022000 0.071000
0.206012 -0.540891 0.289858 -0.789569 0.060000 0.030000 0.022000 0.071000
0.158840 0.591547 -0.018130 -0.806066 0.060000 0.030000 0.022000 0.071000
0.156664 0.627840 -0.635100 -0.449961 0.060000 0.030000 0.022000 0.071000
0.153488 0.657109 -0.707903 0.258999 0.060000 0.030000 0.022000 0.071000
0.140606 0.648112 -0.350811 -0.675931 0.060000 0.030000 0.022000 0.071000
0.138416 -0.627378 -0.778598 -0.013517 0.060000 0.030000 0.022000 0.071000
0.132674 0.683478 -0.722894 -0.101407 0.060000 0.030000 0.022000 0.071000
0.131893 -0.666487 -0.367133 -0.648852 0.060000 0.030000 0.022000 0.071000
0.116775 -0.672871 -0.639129 -0.372502 0.060000 0.030000 0.022000 0.071000
0.103562 -0.723704 -0.610231 0.322289 0.060000 0.030000 0.022000 0.071000
0.098277 -0.755897 -0.316304 0.573212 0.060000 0.030000 0.022000 0.071000
0.097565 -0.781916 0.002217 -0.623379 0.060000 0.030000 0.022000 0.071000
0.083769 -0.819177 0.349461 -0.454781 0.060000 0.030000 0.022000 0.071000
0.080165 0.864166 -0.048975 -0.500818 0.060000 0.030000 0.022000 0.071000
0.068827 0.900143 -0.427489 0.083637 0.060000 0.030000 0.022000 0.071000
0.063903 -0.895243 -0.285902 -0.341761 0.060000 0.030000 0.022000 0.071000
0.062471 0.966743 -0.049657 0.250884 0.060000 0.030000 0.022000 0.071000
0.061852 0.874435 -0.380875 -0.300495 0.060000 0.030000 0.022000 0.071000
0.060037 -0.876929 -0.478578 -0.044254 0.060000 0.030000 0.022000 0.071000
0.047326 -0.937111 -0.262100 0.230493 0.060000 0.030000 0.022000 0.071000
0.046063 0.992619 -0.064367 -0.102788 0.060000 0.030000 0.022000 0.071000
1.009020 0.000000 0.000000 0.000000 0.000000 0.000000 0.000000 0.000000
1.005588 0.000000 0.000000 0.000000 0.000000 0.000000 0.000000 0.000000
0.985392 0.000000 0.000000 0.000000 0.000000 0.000000 0.000000 0.000000
0.748906 0.028314 0.841712 0.539184 0.055000 0.070000 0.006000 0.091000
0.746371 0.018818 0.881506 -0.471799 0.055000 0.070000 0.006000 0.091000
0.742895 0.023947 0.570215 0.821146 0.055000 0.070000 0.006000 0.091000
0.733980 0.306244 0.363274 0.879913 0.055000 0.070000 0.006000 0.091000
0.733195 0.380731 -0.282247 0.880557 0.055000 0.070000 0.006000 0.091000
0.730448 -0.001028 0.328276 -0.944581 0.055000 0.070000 0.006000 0.091000
0.727408 0.028382 0.982954 0.181649 0.055000 0.070000 0.006000 0.091000
0.721352 0.165802 -0.053459 -0.984709 0.055000 0.070000 0.006000 0.091000
0.718104 -0.378631 0.827301 -0.414984 0.055000 0.070000 0.006000 0.091000
0.717743 -0.186052 0.973632 -0.132002 0.055000 0.070000 0.006000 0.091000
0.717424 -0.267794 0.378740 0.885913 0.055000 0.070000 0.006000 0.091000
0.714607 -0.171352 0.644163 -0.745448 0.055000 0.070000 0.006000 0.091000
0.711700 -0.188972 -0.043900 -0.981001 0.055000 0.070000 0.006000 0.091000
0.701856 -0.315501 0.908551 0.273852 0.055000 0.070000 0.006000 0.091000
0.696179 -0.323165 0.705674 0.630546 0.055000 0.070000 0.006000 0.091000
0.694874 0.235405 0.962277 -0.136408 0.055000 0.070000 0.006000 0.091000
0.681160 0.190177 0.634422 -0.749227 0.055000 0.070000 0.006000 0.091000
0.671265 0.373791 0.686895 0.623262 0.055000 0.070000 0.006000 0.091000
0.653477 0.369612 0.890092 0.266690 0.055000 0.070000 0.006000 0.091000
0.648936 -0.512382 0.560659 -0.650482 0.055000 0.070000 0.006000 0.091000
0.643903 0.376900 0.261834 -0.888476 0.055000 0.070000 0.006000 0.091000
0.628068 0.574154 0.047880 0.817346 0.055000 0.070000 0.006000 0.091000
0.626118 0.413874 0.805948 -0.423268 0.055000 0.070000 0.006000 0.091000
0.624934 0.725205 -0.599836 0.338044 0.055000 0.070000 0.006000 0.091000
0.614747 -0.555500 0.830126 -0.048066 0.055000 0.070000 0.006000 0.091000
0.598685 0.734739 -0.274400 0.620374 0.055000 0.070000 0.006000 0.091000
0.596397 -0.594705 0.432811 0.677496 0.055000 0.070000 0.006000 0.091000
0.582390 -0.612796 0.713430 0.339852 0.055000 0.070000 0.006000 0.091000
0.580438 0.553546 -0.078263 -0.829133 0.055000 0.070000 0.006000 0.091000
0.569549 0.631167 0.399782 0.664682 0.055000 0.070000 0.006000 0.091000
0.566552 0.528126 0.532624 -0.661358 0.055000 0.070000 0.006000 0.091000
0.560828 0.598265 0.799040 -0.060125 0.055000 0.070000 0.006000 0.091000
0.534251 0.657284 0.679210 0.326576 0.055000 0.070000 0.006000 0.091000
0.520847 0.837748 -0.545909 -0.012677 0.055000 0.070000 0.006000 0.091000
0.516898 0.735328 0.234791 -0.635740 0.055000 0.070000 0.006000 0.091000
0.484511 -0.827254 0.421381 0.371604 0.055000 0.070000 0.006000 0.091000
0.475610 0.854242 0.051053 0.517363 0.055000 0.070000 0.006000 0.091000
0.469759 0.839261 -0.096681 -0.535064 0.055000 0.070000 0.006000 0.091000
0.467377 0.749230 0.560110 -0.353455 0.055000 0.070000 0.006000 0.091000
0.467008 0.856323 0.376020 0.354006 0.055000 0.070000 0.006000 0.091000
0.461976 0.929952 -0.258807 0.261168 0.055000 0.070000 0.006000 0.091000
0.431909 0.866007 0.500005 -0.005132 0.055000 0.070000 0.006000 0.091000
0.419245 -0.936879 -0.208508 0.280682 0.055000 0.070000 0.006000 0.091000
0.405595 0.987169 0.113587 0.112233 0.055000 0.070000 0.006000 0.091000
0.404051 0.977061 -0.166509 -0.132764 0.055000 0.070000 0.006000 0.091000
1.005169 0.000000 0.000000 0.000000 0.000000 0.000000 0.000000 0.000000
1.002060 0.000000 0.000000 0.000000 0.000000 0.000000 0.000000 0.000000
0.992771 0.000000 0.000000 0.000000 0.000000 0.000000 0.000000 0.000000
0.770108 0.123001 -0.909846 -0.396297 0.060000 0.070000 0.006000 0.091000
0.760262 0.124769 -0.735463 0.665978 0.060000 0.070000 0.006000 0.091000
0.738657 -0.103305 -0.910528 0.400333 0.060000 0.070000 0.006000 0.091000
0.735279 0.177727 0.135997 0.974637 0.060000 0.070000 0.006000 0.091000
0.733991 0.073930 0.490530 0.868283 0.060000 0.070000 0.006000 0.091000
0.733271 -0.003224 -0.480424 0.877030 0.060000 0.070000 0.006000 0.091000
0.718163 -0.037477 0.999277 0.006339 0.060000 0.070000 0.006000 0.091000
0.712653 0.256367 -0.245408 0.934907 0.060000 0.070000 0.006000 0.091000
0.707864 -0.221754 0.668887 0.709518 0.060000 0.070000 0.006000 0.091000
0.700916 0.180602 0.760826 0.623319 0.060000 0.070000 0.006000 0.091000
0.695080 -0.131718 -0.097446 0.986486 0.060000 0.070000 0.006000 0.091000
0.691825 -0.228352 0.297007 0.927169 0.060000 0.070000 0.006000 0.091000
0.685237 -0.312031 -0.946736 0.079550 0.060000 0.070000 0.006000 0.091000
0.684280 -0.275127 0.908121 -0.315627 0.060000 0.070000 0.006000 0.091000
0.656958 -0.291496 -0.692436 0.659972 0.060000 0.070000 0.006000 0.091000
0.656433 0.269699 0.916032 0.296896 0.060000 0.070000 0.006000 0.091000
0.654614 -0.382620 0.920411 0.080281 0.060000 0.070000 0.006000 0.091000
0.641457 -0.463466 0.658070 -0.593417 0.060000 0.070000 0.006000 0.091000
0.634459 0.425714 0.446463 0.787044 0.060000 0.070000 0.006000 0.091000
0.620717 0.533654 0.054594 0.843939 0.060000 0.070000 0.006000 0.091000
0.617476 -0.376639 -0.365886 0.851041 0.060000 0.070000 0.006000 0.091000
0.599252 -0.486889 0.743150 0.458985 0.060000 0.070000 0.006000 0.091000
0.592463 -0.544798 0.355199 -0.759624 0.060000 0.070000 0.006000 0.091000
0.588498 -0.492886 0.057517 0.868191 0.060000 0.070000 0.006000 0.091000
0.570847 -0.519518 -0.787257 0.332155 0.060000 0.070000 0.006000 0.091000
0.561910 -0.550503 0.432173 0.714264 0.060000 0.070000 0.006000 0.091000
0.550749 0.550974 0.683864 0.478287 0.060000 0.070000 0.006000 0.091000
0.547774 -0.619991 0.745253 -0.245377 0.060000 0.070000 0.006000 0.091000
0.508289 -0.681321 0.719752 0.133262 0.060000 0.070000 0.006000 0.091000
0.500615 -0.649948 -0.527363 0.547225 0.060000 0.070000 0.006000 0.091000
0.500298 0.719635 0.334582 0.608425 0.060000 0.070000 0.006000 0.091000
0.499505 0.612341 0.785606 0.088668 0.060000 0.070000 0.006000 0.091000
0.494094 0.793678 -0.098466 0.600317 0.060000 0.070000 0.006000 0.091000
0.480407 -0.785098 0.446432 -0.429325 0.060000 0.070000 0.006000 0.091000
0.468989 -0.687420 -0.198740 0.698539 0.060000 0.070000 0.006000 0.091000
0.457206 -0.795273 0.463962 0.390230 0.060000 0.070000 0.006000 0.091000
0.432481 -0.815005 -0.552794 0.173741 0.060000 0.070000 0.006000 0.091000
0.413020 0.824905 0.515572 0.231768 0.060000 0.070000 0.006000 0.091000
0.410813 -0.801637 0.143903 0.580232 0.060000 0.070000 0.006000 0.091000
0.403364 -0.883926 0.466566 -0.031485 0.060000 0.070000 0.006000 0.091000
0.396910 -0.919859 -0.168528 -0.354201 0.060000 0.070000 0.006000 0.091000
0.385333 -0.898257 -0.215894 0.382786 0.060000 0.070000 0.006000 0.091000
0.378861 -0.966806 0.157930 -0.200857 0.060000 0.070000 0.006000 0.091000
0.357117 -0.967223 0.145549 0.208077 0.060000 0.070000 0.006000 0.091000
0.353355 -0.976956 -0.212598 0.018953 0.060000 0.070000 0.006000 0.091000
1.007217 0.000000 0.000000 0.000000 0.000000 0.000000 0.000000 0.000000
1.005187 0.000000 0.000000 0.000000 0.000000 0.000000 0.000000 0.000000
0.987596 0.000000 0.000000 0.000000 0.000000 0.000000 0.000000 0.000000
0.648852 -0.082638 -0.820027 0.566328 0.055000 0.050000 0.010000 0.075000
0.642292 0.062362 -0.991630 -0.113056 0.055000 0.050000 0.010000 0.075000
0.627544 -0.164520 -0.299574 0.939781 0.055000 0.050000 0.010000 0.075000
0.626850 -0.090863 -0.875690 -0.474248 0.055000 0.050000 0.010000 0.075000
0.626147 -0.196467 -0.585299 -0.786655 0.055000 0.050000 0.010000 0.075000
0.624459 0.171335 -0.945554 0.276717 0.055000 0.050000 0.010000 0.075000
0.623790 0.074897 -0.550929 0.831185 0.055000 0.050000 0.010000 0.075000
0.622028 0.153219 -0.710182 -0.687143 0.055000 0.050000 0.010000 0.075000
0.617771 -0.192667 -0.960624 0.200203 0.055000 0.050000 0.010000 0.075000
0.597235 0.193441 -0.411435 -0.890675 0.055000 0.050000 0.010000 0.075000
0.593557 -0.172405 -0.237265 -0.956024 0.055000 0.050000 0.010000 0.075000
0.593097 0.197368 -0.060591 -0.978455 0.055000 0.050000 0.010000 0.075000
0.592960 -0.188240 0.149941 -0.970610 0.055000 0.050000 0.010000 0.075000
0.586342 -0.329682 -0.921238 -0.206473 0.055000 0.050000 0.010000 0.075000
0.565125 -0.346859 -0.570080 0.744780 0.055000 0.050000 0.010000 0.075000
0.547166 0.330845 -0.860779 -0.386784 0.055000 0.050000 0.010000 0.075000
0.543444 0.311289 -0.722215 0.617661 0.055000 0.050000 0.010000 0.075000
0.521422 -0.461624 -0.709546 -0.532398 0.055000 0.050000 0.010000 0.075000
0.490604 0.449377 -0.384826 0.806207 0.055000 0.050000 0.010000 0.075000
0.487994 -0.468244 -0.760945 0.449121 0.055000 0.050000 0.010000 0.075000
0.475307 0.449740 -0.892456 -0.035444 0.055000 0.050000 0.010000 0.075000
0.461952 0.514345 0.193896 -0.835376 0.055000 0.050000 0.010000 0.075000
0.457706 -0.534119 -0.841272 0.083533 0.055000 0.050000 0.010000 0.075000
0.456769 0.518618 0.025082 0.854638 0.055000 0.050000 0.010000 0.075000
0.453767 -0.522471 -0.369372 -0.768498 0.055000 0.050000 0.010000 0.075000
0.451711 0.515835 -0.792547 0.325244 0.055000 0.050000 0.010000 0.075000
0.447017 0.505738 -0.575187 -0.642953 0.055000 0.050000 0.010000 0.075000
0.407412 0.541144 -0.209801 -0.814338 0.055000 0.050000 0.010000 0.075000
0.363254 -0.696944 -0.680750 -0.225499 0.055000 0.050000 0.010000 0.075000
0.338741 0.683629 -0.508892 0.523144 0.055000 0.050000 0.010000 0.075000
0.325057 -0.692047 -0.444997 0.568373 0.055000 0.050000 0.010000 0.075000
0.314823 -0.679517 0.674668 0.288235 0.055000 0.050000 0.010000 0.075000
0.311852 0.763862 -0.635899 0.110216 0.055000 0.050000 0.010000 0.075000
0.302865 -0.777656 -0.596643 0.198163 0.055000 0.050000 0.010000 0.075000
0.299876 0.750594 -0.143004 0.645104 0.055000 0.050000 0.010000 0.075000
0.296357 0.783186 0.053571 -0.619476 0.055000 0.050000 0.010000 0.075000
0.294404 -0.756828 -0.414068 -0.505726 0.055000 0.050000 0.010000 0.075000
0.268402 0.778608 -0.355430 -0.517145 0.055000 0.050000 0.010000 0.075000
0.225990 -0.897816 -0.097403 -0.429464 0.055000 0.050000 0.010000 0.075000
0.212587 0.909772 -0.297019 0.289990 0.055000 0.050000 0.010000 0.075000
0.212143 0.913886 -0.390917 -0.109529 0.055000 0.050000 0.010000 0.075000
0.204784 -0.917342 -0.379341 -0.120767 0.055000 0.050000 0.010000 0.075000
0.199184 -0.921327 -0.273949 0.275877 0.055000 0.050000 0.010000 0.075000
0.196609 -0.947618 0.087465 0.307198 0.055000 0.050000 0.010000 0.075000
0.160063 -0.998026 -0.004503 -0.062640 0.055000 0.050000 0.010000 0.075000
1.013644 0.000000 0.000000 0.000000 0.000000 0.000000 0.000000 0.000000
0.996333 0.000000 0.000000 0.000000 0.000000 0.000000 0.000000 0.000000
0.990023 0.000000 0.000000 0.000000 0.000000 0.000000 0.000000 0.000000
0.697444 -0.003809 0.621677 0.783264 0.060000 0.050000 0.010000 0.075000
0.687631 -0.015381 0.977350 -0.211070 0.060000 0.050000 0.010000 0.075000
0.683794 -0.040824 -0.039713 0.998377 0.060000 0.050000 0.010000 0.075000
0.667588 -0.103181 0.979958 0.170397 0.060000 0.050000 0.010000 0.075000
0.663865 -0.178353 -0.411942 0.893585 0.060000 0.050000 0.010000 0.075000
0.659977 -0.174072 0.836328 0.519859 0.060000 0.050000 0.010000 0.075000
0.649569 0.064763 -0.699803 0.711394 0.060000 0.050000 0.010000 0.075000
0.643780 -0.232011 0.313567 0.920786 0.060000 0.050000 0.010000 0.075000
0.639075 0.172785 0.328024 0.928733 0.060000 0.050000 0.010000 0.075000
0.638413 0.186510 0.858520 0.477658 0.060000 0.050000 0.010000 0.075000
0.617090 0.208638 -0.387250 0.898058 0.060000 0.050000 0.010000 0.075000
0.608848 -0.280450 -0.722362 0.632092 0.060000 0.050000 0.010000 0.075000
0.598317 0.275365 0.957183 0.089304 0.060000 0.050000 0.010000 0.075000
0.587957 -0.310971 -0.893895 0.322875 0.060000 0.050000 0.010000 0.075000
0.581622 -0.247597 0.857394 -0.451188 0.060000 0.050000 0.010000 0.075000
0.568815 0.318904 -0.022321 0.947524 0.060000 0.050000 0.010000 0.075000
0.545616 -0.392610 -0.062702 0.917565 0.060000 0.050000 0.010000 0.075000
0.536141 -0.413907 0.594879 0.689057 0.060000 0.050000 0.010000 0.075000
0.524314 -0.392608 -0.589043 -0.706320 0.060000 0.050000 0.010000 0.075000
0.515293 -0.402809 0.912866 -0.066485 0.060000 0.050000 0.010000 0.075000
0.479397 0.462766 -0.575888 0.673944 0.060000 0.050000 0.010000 0.075000
0.473944 -0.480141 0.814956 0.324517 0.060000 0.050000 0.010000 0.075000
0.441258 -0.528575 -0.435426 0.728706 0.060000 0.050000 0.010000 0.075000
0.424574 0.519073 0.773477 0.363726 0.060000 0.050000 0.010000 0.075000
0.396867 0.589401 -0.200874 0.782468 0.060000 0.050000 0.010000 0.075000
0.394972 0.599084 -0.723791 0.342381 0.060000 0.050000 0.010000 0.075000
0.394781 0.560475 0.228884 0.795914 0.060000 0.050000 0.010000 0.075000
0.387217 -0.598362 0.277633 0.751587 0.060000 0.050000 0.010000 0.075000
0.379776 -0.634543 -0.647594 0.421873 0.060000 0.050000 0.010000 0.075000
0.376548 -0.593751 -0.801739 0.068365 0.060000 0.050000 0.010000 0.075000
0.321572 -0.693562 -0.088483 0.714942 0.060000 0.050000 0.010000 0.075000
0.294084 -0.716778 0.692717 0.079828 0.060000 0.050000 0.010000 0.075000
0.292403 -0.730064 0.515679 0.448421 0.060000 0.050000 0.010000 0.075000
0.273705 0.725202 0.435255 0.533511 0.060000 0.050000 0.010000 0.075000
0.262821 0.775716 -0.361465 0.517308 0.060000 0.050000 0.010000 0.075000
0.241471 -0.783073 -0.591567 -0.191950 0.060000 0.050000 0.010000 0.075000
0.229044 -0.841048 -0.294351 0.453869 0.060000 0.050000 0.010000 0.075000
0.213945 0.829318 0.042165 0.557184 0.060000 0.050000 0.010000 0.075000
0.206208 -0.872149 -0.469149 0.138765 0.060000 0.050000 0.010000 0.075000
0.204600 -0.855133 0.484515 -0.184374 0.060000 0.050000 0.010000 0.075000
0.203521 -0.874225 0.135131 0.466338 0.060000 0.050000 0.010000 0.075000
0.174792 -0.932638 0.326920 0.152676 0.060000 0.050000 0.010000 0.075000
0.167859 0.968894 -0.123146 0.214660 0.060000 0.050000 0.010000 0.075000
0.162791 0.942401 0.248044 0.224399 0.060000 0.050000 0.010000 0.075000
0.148490 -0.987203 -0.076540 0.139897 0.060000 0.050000 0.010000 0.075000
1.031266 0.000000 0.000000 0.000000 0.000000 0.000000 0.000000 0.000000
0.989829 0.000000 0.000000 0.000000 0.000000 0.000000 0.000000 0.000000
0.978905 0.000000 0.000000 0.000000 0.000000 0.000000 0.000000 0.000000
0.458348 -0.028615 0.593056 0.804653 0.055000 0.070000 0.015000 0.100000
0.457989 0.084717 -0.986451 0.140492 0.055000 0.070000 0.015000 0.100000
0.451328 -0.166359 0.811070 0.560795 0.055000 0.070000 0.015000 0.100000
0.429289 0.055899 0.959831 0.274955 0.055000 0.070000 0.015000 0.100000
0.420120 0.116742 0.234833 0.965000 0.055000 0.070000 0.015000 0.100000
0.405176 0.232566 -0.158873 0.959517 0.055000 0.070000 0.015000 0.100000
0.398943 0.321098 -0.927819 -0.189863 0.055000 0.070000 0.015000 0.100000
0.387061 0.245848 -0.556414 0.793702 0.055000 0.070000 0.015000 0.100000
0.385724 -0.161869 0.841610 -0.515257 0.055000 0.070000 0.015000 0.100000
0.385176 -0.059581 -0.372920 0.925949 0.055000 0.070000 0.015000 0.100000
0.369668 -0.277364 0.355627 0.892524 0.055000 0.070000 0.015000 0.100000
0.347522 -0.181155 -0.012780 0.983371 0.055000 0.070000 0.015000 0.100000
0.339472 0.265982 0.962833 -0.046969 0.055000 0.070000 0.015000 0.100000
0.336710 0.251517 0.787800 0.562238 0.055000 0.070000 0.015000 0.100000
0.326542 -0.229048 -0.880020 0.416055 0.055000 0.070000 0.015000 0.100000
0.326000 -0.150786 -0.678404 0.719049 0.055000 0.070000 0.015000 0.100000
0.313370 0.424952 -0.881807 0.204530 0.055000 0.070000 0.015000 0.100000
0.293632 0.350055 0.494257 0.795720 0.055000 0.070000 0.015000 0.100000
0.272653 0.516782 -0.650630 0.556432 0.055000 0.070000 0.015000 0.100000
0.244174 0.486051 0.083076 0.869973 0.055000 0.070000 0.015000 0.100000
0.234712 0.562945 -0.305581 0.767928 0.055000 0.070000 0.015000 0.100000
0.228149 0.500240 -0.708380 -0.497953 0.055000 0.070000 0.015000 0.100000
0.218429 -0.412199 -0.357178 0.838162 0.055000 0.070000 0.015000 0.100000
0.198194 0.478168 0.848811 0.225554 0.055000 0.070000 0.015000 0.100000
0.169508 -0.539168 0.033099 0.841547 0.055000 0.070000 0.015000 0.100000
0.160839 0.568845 -0.426901 -0.702973 0.055000 0.070000 0.015000 0.100000
0.160359 0.657112 -0.740535 -0.140755 0.055000 0.070000 0.015000 0.100000
0.158221 -0.522869 -0.639537 0.563560 0.055000 0.070000 0.015000 0.100000
0.147768 0.713245 -0.661659 0.231275 0.055000 0.070000 0.015000 0.100000
0.145016 -0.575313 -0.795349 0.190877 0.055000 0.070000 0.015000 0.100000
0.139303 0.669969 0.323428 0.668234 0.055000 0.070000 0.015000 0.100000
0.137383 0.618535 0.626647 0.474055 0.055000 0.070000 0.015000 0.100000
0.123046 0.812285 -0.368575 0.452045 0.055000 0.070000 0.015000 0.100000
0.096753 -0.709228 -0.284548 0.645003 0.055000 0.070000 0.015000 0.100000
0.094199 0.801511 -0.026039 0.597413 0.055000 0.070000 0.015000 0.100000
0.088472 0.786056 0.609819 0.101182 0.055000 0.070000 0.015000 0.100000
0.085595 0.883010 0.308346 0.353859 0.055000 0.070000 0.015000 0.100000
0.080670 0.970829 -0.069466 0.229491 0.055000 0.070000 0.015000 0.100000
0.080332 -0.801902 -0.519190 0.295626 0.055000 0.070000 0.015000 0.100000
0.079101 -0.803619 0.139430 0.578581 0.055000 0.070000 0.015000 0.100000
0.077737 0.965537 0.260200 -0.005933 0.055000 0.070000 0.015000 0.100000
0.072770 0.809768 -0.461388 -0.362486 0.055000 0.070000 0.015000 0.100000
0.067976 0.905319 -0.423301 0.034840 0.055000 0.070000 0.015000 0.100000
0.067376 0.914455 0.163882 -0.370021 0.055000 0.070000 0.015000 0.100000
0.055545 0.975230 -0.136464 -0.174083 0.055000 0.070000 0.015000 0.100000
1.022100 0.000000 0.000000 0.000000 0.000000 0.000000 0.000000 0.000000
1.012843 0.000000 0.000000 0.000000 0.000000 0.000000 0.000000 0.000000
0.965057 0.000000 0.000000 0.000000 0.000000 0.000000 0.000000 0.000000
0.451655 -0.095049 0.899270 0.426941 0.060000 0.070000 0.015000 0.100000
0.428090 -0.104013 0.686723 0.719439 0.060000 0.070000 0.015000 0.100000
0.417239 0.062579 -0.995022 -0.077555 0.060000 0.070000 0.015000 0.100000
0.417195 -0.088381 0.383293 0.919388 0.060000 0.070000 0.015000 0.100000
0.397833 0.014499 -0.837144 0.546790 0.060000 0.070000 0.015000 0.100000
0.390091 0.160551 -0.563241 0.810545 0.060000 0.070000 0.015000 0.100000
0.378389 0.261345 -0.934745 0.240730 0.060000 0.070000 0.015000 0.100000
0.369741 -0.060790 -0.260390 0.963588 0.060000 0.070000 0.015000 0.100000
0.369430 0.130434 0.100574 0.986343 0.060000 0.070000 0.015000 0.100000
0.342950 0.339576 -0.187345 0.921732 0.060000 0.070000 0.015000 0.100000
0.331096 0.271074 0.486596 0.830508 0.060000 0.070000 0.015000 0.100000
0.329618 -0.166887 -0.964846 0.203029 0.060000 0.070000 0.015000 0.100000
0.320091 -0.209258 -0.591556 0.778635 0.060000 0.070000 0.015000 0.100000
0.304920 0.410819 -0.745750 0.524485 0.060000 0.070000 0.015000 0.100000
0.291144 0.268480 0.775338 0.571638 0.060000 0.070000 0.015000 0.100000
0.290519 0.289862 0.932018 0.217539 0.060000 0.070000 0.015000 0.100000
0.265489 -0.422478 0.894405 0.146805 0.060000 0.070000 0.015000 0.100000
0.262410 -0.297906 0.067905 0.952177 0.060000 0.070000 0.015000 0.100000
0.242601 0.513544 -0.445361 0.733434 0.060000 0.070000 0.015000 0.100000
0.240576 -0.455611 0.726712 0.514109 0.060000 0.070000 0.015000 0.100000
0.234481 -0.381569 -0.808288 0.448414 0.060000 0.070000 0.015000 0.100000
0.224646 -0.442129 0.428481 0.787988 0.060000 0.070000 0.015000 0.100000
0.199899 0.506980 0.179057 0.843154 0.060000 0.070000 0.015000 0.100000
0.168928 0.624335 -0.760021 0.180480 0.060000 0.070000 0.015000 0.100000
0.168219 -0.453067 -0.255910 0.853955 0.060000 0.070000 0.015000 0.100000
0.151469 0.595693 0.517846 0.613992 0.060000 0.070000 0.015000 0.100000
0.149218 -0.534944 -0.842047 0.069223 0.060000 0.070000 0.015000 0.100000
0.134237 -0.555293 -0.544437 0.628680 0.060000 0.070000 0.015000 0.100000
0.121068 -0.604490 -0.726423 -0.326957 0.060000 0.070000 0.015000 0.100000
0.113788 0.746408 -0.484029 0.456718 0.060000 0.070000 0.015000 0.100000
0.110834 0.709358 -0.116776 0.695108 0.060000 0.070000 0.015000 0.100000
0.095630 0.800927 0.235306 0.550588 0.060000 0.070000 0.015000 0.100000
0.091086 -0.739756 -0.603931 0.296697 0.060000 0.070000 0.015000 0.100000
0.088588 0.652945 -0.081707 -0.752985 0.060000 0.070000 0.015000 0.100000
0.086974 -0.713813 0.669895 0.204232 0.060000 0.070000 0.015000 0.100000
0.078796 -0.815161 -0.572790 -0.086157 0.060000 0.070000 0.015000 0.100000
0.077424 -0.724264 0.422115 0.545216 0.060000 0.070000 0.015000 0.100000
0.075393 -0.777903 -0.262667 0.570853 0.060000 0.070000 0.015000 0.100000
0.069344 -0.938128 -0.286995 0.193779 0.060000 0.070000 0.015000 0.100000
0.062588 0.884630 -0.449425 0.124287 0.060000 0.070000 0.015000 0.100000
0.060744 -0.901618 0.046637 0.430011 0.060000 0.070000 0.015000 0.100000
0.058714 0.920845 -0.122756 0.370102 0.060000 0.070000 0.015000 0.100000
0.057414 0.936566 0.269263 0.224369 0.060000 0.070000 0.015000 0.100000
0.050535 0.911357 -0.345768 -0.223324 0.060000 0.070000 0.015000 0.100000
0.049835 0.999019 -0.044260 -0.001542 0.060000 0.070000 0.015000 0.100000
1.046899 0.000000 0.000000 0.000000 0.000000 0.000000 0.000000 0.000000
0.996567 0.000000 0.000000 0.000000 0.000000 0.000000 0.000000 0.000000
0.956534 0.000000 0.000000 0.000000 0.000000 0.000000 0.000000 0.000000
0.405574 0.017794 0.994508 0.103135 0.055000 0.050000 0.022000 0.087000
0.402353 0.020444 0.966084 -0.257416 0.055000 0.050000 0.022000 0.087000
0.393082 -0.001801 -0.892126 -0.451783 0.055000 0.050000 0.022000 0.087000
0.365958 0.009429 0.810320 -0.585912 0.055000 0.050000 0.022000 0.087000
0.347294 -0.001557 -0.429969 -0.902842 0.055000 0.050000 0.022000 0.087000
0.334537 0.015243 0.283196 -0.958941 0.055000 0.050000 0.022000 0.087000
0.324005 0.193242 -0.082709 -0.977659 0.055000 0.050000 0.022000 0.087000
0.323187 -0.223038 -0.691632 -0.686949 0.055000 0.050000 0.022000 0.087000
0.308831 0.233848 0.575711 -0.783500 0.055000 0.050000 0.022000 0.087000
0.305091 0.207723 -0.702460 -0.680736 0.055000 0.050000 0.022000 0.087000
0.296019 -0.178840 -0.071720 -0.981261 0.055000 0.050000 0.022000 0.087000
0.293297 -0.196944 0.586881 -0.785356 0.055000 0.050000 0.022000 0.087000
0.272722 0.367577 0.808982 -0.458732 0.055000 0.050000 0.022000 0.087000
0.264770 0.381337 0.921792 -0.069865 0.055000 0.050000 0.022000 0.087000
0.259644 0.361767 0.871290 0.331630 0.055000 0.050000 0.022000 0.087000
0.234083 -0.354579 0.882858 0.307953 0.055000 0.050000 0.022000 0.087000
0.233809 -0.349024 0.823292 -0.447630 0.055000 0.050000 0.022000 0.087000
0.231290 -0.346515 0.934940 -0.076253 0.055000 0.050000 0.022000 0.087000
0.221886 -0.385207 0.291533 -0.875571 0.055000 0.050000 0.022000 0.087000
0.209053 -0.400219 -0.395548 -0.826660 0.055000 0.050000 0.022000 0.087000
0.198623 0.412710 0.261597 -0.872489 0.055000 0.050000 0.022000 0.087000
0.195729 0.397623 -0.424678 -0.813354 0.055000 0.050000 0.022000 0.087000
0.136086 -0.532403 -0.039716 -0.845559 0.055000 0.050000 0.022000 0.087000
0.130709 0.544748 -0.092649 -0.833466 0.055000 0.050000 0.022000 0.087000
0.124832 -0.567662 0.549182 -0.613318 0.055000 0.050000 0.022000 0.087000
0.114228 -0.590795 -0.603302 -0.535712 0.055000 0.050000 0.022000 0.087000
0.103609 0.575930 -0.637842 -0.511333 0.055000 0.050000 0.022000 0.087000
0.100881 -0.599255 -0.512592 0.614934 0.055000 0.050000 0.022000 0.087000
0.093377 0.661085 0.733374 0.158521 0.055000 0.050000 0.022000 0.087000
0.088924 -0.660790 0.711514 -0.238967 0.055000 0.050000 0.022000 0.087000
0.084801 0.664175 0.700239 -0.261796 0.055000 0.050000 0.022000 0.087000
0.081856 -0.743552 0.204351 -0.636687 0.055000 0.050000 0.022000 0.087000
0.080194 0.663391 -0.739407 -0.114849 0.055000 0.050000 0.022000 0.087000
0.079164 -0.745077 -0.234876 -0.624254 0.055000 0.050000 0.022000 0.087000
0.071081 0.754389 0.135021 -0.642391 0.055000 0.050000 0.022000 0.087000
0.066909 -0.874904 -0.483260 0.031665 0.055000 0.050000 0.022000 0.087000
0.065251 -0.864080 -0.388988 -0.319459 0.055000 0.050000 0.022000 0.087000
0.062008 0.752540 -0.300731 -0.585871 0.055000 0.050000 0.022000 0.087000
0.053709 0.849744 -0.466814 -0.244989 0.055000 0.050000 0.022000 0.087000
0.051714 0.869103 0.335123 -0.363803 0.055000 0.050000 0.022000 0.087000
0.051601 0.938863 -0.068468 -0.337415 0.055000 0.050000 0.022000 0.087000
0.049569 -0.992939 -0.118610 0.002051 0.055000 0.050000 0.022000 0.087000
0.049547 -0.845535 0.421683 -0.327496 0.055000 0.050000 0.022000 0.087000
0.046661 -0.962315 0.270450 -0.028396 0.055000 0.050000 0.022000 0.087000
0.044017 -0.933753 0.013673 -0.357658 0.055000 0.050000 0.022000 0.087000
1.019744 0.000000 0.000000 0.000000 0.000000 0.000000 0.000000 0.000000
0.997996 0.000000 0.000000 0.000000 0.000000 0.000000 0.000000 0.000000
0.982260 0.000000 0.000000 0.000000 0.000000 0.000000 0.000000 0.000000
0.368357 0.051907 -0.554752 -0.830395 0.060000 0.050000 0.022000 0.087000
0.356283 -0.048547 -0.917042 0.395825 0.060000 0.050000 0.022000 0.087000
0.351860 0.119493 -0.990234 0.071813 0.060000 0.050000 0.022000 0.087000
0.349560 0.066942 0.239947 0.968475 0.060000 0.050000 0.022000 0.087000
0.344770 0.173573 -0.791705 -0.585727 0.060000 0.050000 0.022000 0.087000
0.343258 -0.027161 -0.110497 0.993505 0.060000 0.050000 0.022000 0.087000
0.339437 0.156314 -0.701835 0.694978 0.060000 0.050000 0.022000 0.087000
0.331979 -0.094776 -0.952519 -0.289352 0.060000 0.050000 0.022000 0.087000
0.316225 -0.127699 -0.441548 0.888104 0.060000 0.050000 0.022000 0.087000
0.295943 0.283222 -0.921917 -0.264300 0.060000 0.050000 0.022000 0.087000
0.275507 0.274463 -0.366413 0.889051 0.060000 0.050000 0.022000 0.087000
0.274569 0.232790 0.753899 0.614366 0.060000 0.050000 0.022000 0.087000
0.268639 -0.222412 -0.712844 0.665121 0.060000 0.050000 0.022000 0.087000
0.240174 -0.314164 0.215037 0.924695 0.060000 0.050000 0.022000 0.087000
0.237537 -0.286358 -0.955555 0.070103 0.060000 0.050000 0.022000 0.087000
0.236672 0.353786 -0.857146 0.374348 0.060000 0.050000 0.022000 0.087000
0.202026 -0.376702 -0.023860 -0.926027 0.060000 0.050000 0.022000 0.087000
0.197304 -0.361479 -0.433096 -0.825688 0.060000 0.050000 0.022000 0.087000
0.185149 0.504712 -0.585561 0.634337 0.060000 0.050000 0.022000 0.087000
0.164866 -0.422448 -0.155980 0.892865 0.060000 0.050000 0.022000 0.087000
0.158123 -0.460718 -0.791385 0.401806 0.060000 0.050000 0.022000 0.087000
0.152272 0.447622 -0.520769 -0.726935 0.060000 0.050000 0.022000 0.087000
0.148864 0.521886 -0.853014 0.001379 0.060000 0.050000 0.022000 0.087000
0.142700 -0.451458 -0.846122 -0.283307 0.060000 0.050000 0.022000 0.087000
0.104723 -0.524854 -0.478724 0.703812 0.060000 0.050000 0.022000 0.087000
0.104139 0.569131 -0.711603 -0.411960 0.060000 0.050000 0.022000 0.087000
0.102971 -0.621916 0.199634 -0.757210 0.060000 0.050000 0.022000 0.087000
0.092335 0.697617 -0.668408 0.257993 0.060000 0.050000 0.022000 0.087000
0.090136 -0.593292 -0.569891 -0.568532 0.060000 0.050000 0.022000 0.087000
0.081016 -0.644520 -0.759033 0.091996 0.060000 0.050000 0.022000 0.087000
0.073204 -0.654272 0.157045 0.739773 0.060000 0.050000 0.022000 0.087000
0.072947 -0.674636 -0.199354 -0.710721 0.060000 0.050000 0.022000 0.087000
0.070181 -0.752932 -0.167821 0.636340 0.060000 0.050000 0.022000 0.087000
0.066967 0.788990 -0.390607 0.474258 0.060000 0.050000 0.022000 0.087000
0.063707 -0.875083 -0.309995 -0.371662 0.060000 0.050000 0.022000 0.087000
0.062763 0.801955 -0.583138 -0.129681 0.060000 0.050000 0.022000 0.087000
0.062007 -0.761225 -0.511864 0.398161 0.060000 0.050000 0.022000 0.087000
0.055331 -0.751408 -0.619731 -0.226536 0.060000 0.050000 0.022000 0.087000
0.053268 0.773665 -0.389572 -0.499676 0.060000 0.050000 0.022000 0.087000
0.052215 -0.888141 0.041051 -0.457735 0.060000 0.050000 0.022000 0.087000
0.051689 -0.937399 0.324737 -0.125810 0.060000 0.050000 0.022000 0.087000
0.048289 -0.933300 -0.136074 0.332318 0.060000 0.050000 0.022000 0.087000
0.047623 -0.995773 -0.055065 -0.073513 0.060000 0.050000 0.022000 0.087000
0.046039 -0.910034 -0.410926 0.054564 0.060000 0.050000 0.022000 0.087000
0.039077 0.946114 -0.208415 -0.247854 0.060000 0.050000 0.022000 0.087000

